-1 -0.984951 1 0.984951
0.499999 0.477181
0 2.52485e-08
0.2 0.2
0.0999998 0.0954363
1
453
82 69 3
0.499999 -2.98023e-08 0 2
0.494063 0.0660386 0 2
0.476511 0.129632 0 2
0.448095 0.188443 0 2
0.410032 0.24035 0 2
0.363948 0.283535 0 2
0.311806 0.31657 0 2
0.255816 0.33848 0 2
0.198338 0.348781 0 2
0.141775 0.347504 0 2
0.0884632 0.335194 0 2
0.0405715 0.31288 0 2
0 0.28203 0 2
-0.0317024 0.244483 0 2
-0.0534081 0.202368 0 2
-0.064461 0.158001 0 2
-0.0647047 0.113784 0 2
-0.0544892 0.0720968 0 2
-0.0346542 0.0351838 0 2
-0.0215166 0.0191579 0 2
-0.00649032 0.00505626 0 2
0.0102026 -0.00692138 0 2
0.0283203 -0.0166006 0 2
0.0476039 -0.0238344 0 2
0.0677805 -0.0285047 0 2
0.0885661 -0.0305236 0 2
0.109669 -0.0298349 0 2
0.130794 -0.0264141 0 2
0.151643 -0.0202692 0 2
0.171921 -0.0114405 0 2
0.191341 -2.98023e-08 0 2
0.226497 0.0302746 0 2
0.255037 0.0693811 0 2
0.275177 0.115724 0 2
0.285505 0.167355 0 2
0.285044 0.222064 0 2
0.2733 0.277476 0 2
0.250282 0.331158 0 2
0.216506 0.38073 0 2
0.172971 0.423969 0 2
0.121115 0.458914 0 2
0.0627544 0.483951 0 2
0 0.497885 0 2
-0.0648354 0.499999 0 2
-0.12934 0.49008 0 2
-0.191111 0.468433 0 2
-0.247861 0.435868 0 2
-0.29752 0.393661 0 2
-0.338329 0.343499 0 2
-0.368915 0.287405 0 2
-0.388357 0.227644 0 2
-0.396218 0.166627 0 2
-0.392574 0.106797 0 2
-0.378001 0.0505252 0 2
-0.353553 -2.98023e-08 0 2
-0.32071 -0.0428675 0 2
-0.281315 -0.0765299 0 2
-0.237484 -0.0998724 0 2
-0.214619 -0.107456 0 2
-0.191516 -0.112262 0 2
-0.168473 -0.11429 0 2
-0.145785 -0.113574 0 2
-0.123743 -0.110178 0 2
-0.102631 -0.104199 0 2
-0.0827174 -0.0957625 0 2
-0.0642582 -0.0850226 0 2
-0.0474906 -0.0721608 0 2
-0.0326315 -0.0573831 0 2
-0.0198747 -0.0409177 0 2
-0.00938866 -0.0230127 0 2
0.00423414 0.0160435 0 2
0.00745875 0.0575202 0 2
0 0.0990356 0 2
-0.0179205 0.1382 0 2
-0.0455844 0.172723 0 2
-0.081809 0.200522 0 2
-0.102647 0.211329 0 2
-0.125 0.219814 0 2
-0.148614 0.225815 0 2
-0.173223 0.229198 0 2
-0.224291 0.227719 0 2
-0.275865 0.214914 0 2
-0.325556 0.190832 0 2
-0.371033 0.156035 0 2
-0.410132 0.111574 0 2
-0.440952 0.0589396 0 2
-0.461939 -2.98023e-08 0 2
-0.471958 -0.0630839 0 2
-0.470346 -0.127955 0 2
-0.456939 -0.192163 0 2
-0.432085 -0.253276 0 2
-0.396623 -0.30899 0 2
-0.35185 -0.357227 0 2
-0.299463 -0.396232 0 2
-0.241481 -0.424649 0 2
-0.180156 -0.441582 0 2
-0.117874 -0.446635 0 2
-0.0570457 -0.439927 0 2
0 -0.422087 0 2
0.0511196 -0.394226 0 2
0.0944512 -0.357883 0 2
0.128497 -0.31496 0 2
0.15219 -0.267629 0 2
0.164941 -0.21824 0 2
0.166664 -0.16921 0 2
0.157777 -0.122917 0 2
0.139187 -0.0815877 0 2
0.112242 -0.0472026 0 2
0.0961642 -0.0331422 0 2
0.0786723 -0.0214023 0 2
0.0600291 -0.012123 0 2
0.0405109 -0.00541487 0 2
0.0204036 -0.00135776 0 2
0 -2.98023e-08 0 2
-0.0204036 -0.00135776 0 2
-0.0405109 -0.00541487 0 2
-0.0600292 -0.012123 0 2
-0.0786723 -0.0214023 0 2
-0.0961642 -0.0331422 0 2
-0.112242 -0.0472026 0 2
-0.139187 -0.0815877 0 2
-0.157777 -0.122917 0 2
-0.166664 -0.16921 0 2
-0.164941 -0.21824 0 2
-0.15219 -0.267629 0 2
-0.128497 -0.31496 0 2
-0.0944512 -0.357883 0 2
-0.0511196 -0.394226 0 2
0 -0.422087 0 2
0.0570457 -0.439927 0 2
0.117874 -0.446635 0 2
0.180156 -0.441582 0 2
0.241481 -0.424649 0 2
0.299463 -0.396232 0 2
0.35185 -0.357227 0 2
0.396623 -0.30899 0 2
0.432085 -0.253276 0 2
0.456939 -0.192163 0 2
0.470346 -0.127955 0 2
0.471958 -0.0630839 0 2
0.461939 -2.98023e-08 0 2
0.440952 0.0589396 0 2
0.410132 0.111574 0 2
0.371033 0.156035 0 2
0.325556 0.190832 0 2
0.275865 0.214914 0 2
0.224292 0.227719 0 2
0.198545 0.229857 0 2
0.173223 0.229198 0 2
0.148614 0.225815 0 2
0.125 0.219814 0 2
0.0818089 0.200522 0 2
0.0455844 0.172723 0 2
0.0179204 0.1382 0 2
0 0.0990356 0 2
-0.00745872 0.0575202 0 2
-0.00423416 0.0160435 0 2
0.00938869 -0.0230127 0 2
0.0198746 -0.0409177 0 2
0.0326315 -0.0573831 0 2
0.0474905 -0.0721608 0 2
0.0642582 -0.0850226 0 2
0.0827174 -0.0957625 0 2
0.102631 -0.104199 0 2
0.123743 -0.110178 0 2
0.145785 -0.113574 0 2
0.168473 -0.11429 0 2
0.191516 -0.112262 0 2
0.214619 -0.107456 0 2
0.237484 -0.0998724 0 2
0.281315 -0.0765299 0 2
0.32071 -0.0428675 0 2
0.353553 -2.98023e-08 0 2
0.378001 0.0505252 0 2
0.392574 0.106797 0 2
0.396218 0.166627 0 2
0.388357 0.227644 0 2
0.368915 0.287405 0 2
0.338329 0.343499 0 2
0.29752 0.393661 0 2
0.247861 0.435868 0 2
0.191111 0.468433 0 2
0.12934 0.49008 0 2
0.0648354 0.499999 0 2
0 0.497885 0 2
-0.0627544 0.483951 0 2
-0.121115 0.458914 0 2
-0.172971 0.423969 0 2
-0.216506 0.38073 0 2
-0.250282 0.331158 0 2
-0.2733 0.277476 0 2
-0.285044 0.222064 0 2
-0.285505 0.167355 0 2
-0.275177 0.115724 0 2
-0.255037 0.0693811 0 2
-0.226497 0.0302746 0 2
-0.191341 -2.98023e-08 0 2
-0.171922 -0.0114405 0 2
-0.151643 -0.0202692 0 2
-0.130794 -0.0264141 0 2
-0.109669 -0.0298349 0 2
-0.0885661 -0.0305236 0 2
-0.0677805 -0.0285047 0 2
-0.0476039 -0.0238344 0 2
-0.0283203 -0.0166006 0 2
-0.0102026 -0.00692138 0 2
0.00649029 0.00505626 0 2
0.0215166 0.0191579 0 2
0.0346543 0.0351838 0 2
0.0544891 0.0720968 0 2
0.0647047 0.113784 0 2
0.064461 0.158001 0 2
0.0534081 0.202368 0 2
0.0317023 0.244483 0 2
0 0.28203 0 2
-0.0405714 0.31288 0 2
-0.0884632 0.335194 0 2
-0.141775 0.347504 0 2
-0.198338 0.348781 0 2
-0.255816 0.33848 0 2
-0.311806 0.31657 0 2
-0.363948 0.283535 0 2
-0.410032 0.24035 0 2
-0.448095 0.188443 0 2
-0.476511 0.129632 0 2
-0.494063 0.0660386 0 2
-0.499999 -2.98023e-08 0 2
-0.494063 -0.0660387 0 2
-0.476511 -0.129632 0 2
-0.448095 -0.188443 0 2
-0.410032 -0.24035 0 2
-0.363948 -0.283535 0 2
-0.311806 -0.31657 0 2
-0.255816 -0.33848 0 2
-0.198338 -0.348781 0 2
-0.141775 -0.347505 0 2
-0.0884632 -0.335194 0 2
-0.0405714 -0.31288 0 2
0 -0.28203 0 2
0.0317023 -0.244483 0 2
0.0534081 -0.202368 0 2
0.064461 -0.158001 0 2
0.0647047 -0.113784 0 2
0.0544891 -0.0720969 0 2
0.0346543 -0.0351838 0 2
0.0215166 -0.0191579 0 2
0.00649029 -0.00505632 0 2
-0.0102026 0.00692135 0 2
-0.0283203 0.0166006 0 2
-0.0476039 0.0238344 0 2
-0.0677805 0.0285046 0 2
-0.0885661 0.0305235 0 2
-0.109669 0.0298348 0 2
-0.130794 0.026414 0 2
-0.151643 0.0202692 0 2
-0.171922 0.0114405 0 2
-0.191341 -2.98023e-08 0 2
-0.226497 -0.0302746 0 2
-0.255037 -0.0693811 0 2
-0.275177 -0.115724 0 2
-0.285505 -0.167355 0 2
-0.285044 -0.222064 0 2
-0.2733 -0.277476 0 2
-0.250282 -0.331158 0 2
-0.216506 -0.38073 0 2
-0.172971 -0.423969 0 2
-0.121115 -0.458914 0 2
-0.0627544 -0.483951 0 2
0 -0.497885 0 2
0.0648354 -0.499999 0 2
0.12934 -0.49008 0 2
0.191111 -0.468433 0 2
0.247861 -0.435868 0 2
0.29752 -0.393661 0 2
0.338329 -0.343499 0 2
0.368915 -0.287405 0 2
0.388357 -0.227644 0 2
0.396218 -0.166627 0 2
0.392574 -0.106797 0 2
0.378001 -0.0505253 0 2
0.353553 -2.98023e-08 0 2
0.32071 0.0428675 0 2
0.281315 0.0765299 0 2
0.237484 0.0998723 0 2
0.214619 0.107456 0 2
0.191516 0.112262 0 2
0.168473 0.11429 0 2
0.145785 0.113574 0 2
0.123743 0.110178 0 2
0.102631 0.104199 0 2
0.0827174 0.0957625 0 2
0.0642582 0.0850225 0 2
0.0474905 0.0721608 0 2
0.0326315 0.0573831 0 2
0.0198746 0.0409177 0 2
0.00938869 0.0230126 0 2
-0.00423416 -0.0160436 0 2
-0.00745872 -0.0575203 0 2
0 -0.0990356 0 2
0.0179204 -0.1382 0 2
0.0455844 -0.172723 0 2
0.0818089 -0.200522 0 2
0.102647 -0.211329 0 2
0.125 -0.219814 0 2
0.148614 -0.225816 0 2
0.173223 -0.229198 0 2
0.224292 -0.227719 0 2
0.275865 -0.214914 0 2
0.325556 -0.190832 0 2
0.371033 -0.156035 0 2
0.410132 -0.111574 0 2
0.440952 -0.0589396 0 2
0.461939 -2.98023e-08 0 2
0.471958 0.0630839 0 2
0.470346 0.127955 0 2
0.456939 0.192163 0 2
0.432085 0.253276 0 2
0.396623 0.30899 0 2
0.35185 0.357227 0 2
0.299463 0.396232 0 2
0.241481 0.424649 0 2
0.180156 0.441582 0 2
0.117874 0.446635 0 2
0.0570457 0.439927 0 2
0 0.422087 0 2
-0.0511196 0.394226 0 2
-0.0944512 0.357883 0 2
-0.128497 0.31496 0 2
-0.15219 0.267629 0 2
-0.164941 0.21824 0 2
-0.166664 0.16921 0 2
-0.157777 0.122917 0 2
-0.139187 0.0815877 0 2
-0.112242 0.0472026 0 2
-0.0961642 0.0331421 0 2
-0.0786723 0.0214023 0 2
-0.0600292 0.012123 0 2
-0.0405109 0.00541484 0 2
-0.0204036 0.00135773 0 2
0 -2.98023e-08 0 2
0.0204036 0.00135773 0 2
0.0405109 0.00541484 0 2
0.0600291 0.012123 0 2
0.0786723 0.0214023 0 2
0.0961642 0.0331421 0 2
0.112242 0.0472026 0 2
0.139187 0.0815877 0 2
0.157777 0.122917 0 2
0.166664 0.16921 0 2
0.164941 0.21824 0 2
0.15219 0.267629 0 2
0.128497 0.31496 0 2
0.0944512 0.357883 0 2
0.0511196 0.394226 0 2
0 0.422087 0 2
-0.0570457 0.439927 0 2
-0.117874 0.446635 0 2
-0.180156 0.441582 0 2
-0.241481 0.424649 0 2
-0.299463 0.396232 0 2
-0.35185 0.357227 0 2
-0.396623 0.30899 0 2
-0.432085 0.253276 0 2
-0.456939 0.192163 0 2
-0.470346 0.127955 0 2
-0.471958 0.0630839 0 2
-0.461939 -2.98023e-08 0 2
-0.440952 -0.0589396 0 2
-0.410132 -0.111574 0 2
-0.371033 -0.156035 0 2
-0.325556 -0.190832 0 2
-0.275865 -0.214914 0 2
-0.224291 -0.227719 0 2
-0.198545 -0.229857 0 2
-0.173223 -0.229198 0 2
-0.148614 -0.225816 0 2
-0.125 -0.219814 0 2
-0.081809 -0.200522 0 2
-0.0455844 -0.172723 0 2
-0.0179205 -0.1382 0 2
0 -0.0990356 0 2
0.00745875 -0.0575203 0 2
0.00423414 -0.0160436 0 2
-0.00938866 0.0230126 0 2
-0.0198747 0.0409177 0 2
-0.0326315 0.0573831 0 2
-0.0474906 0.0721608 0 2
-0.0642582 0.0850225 0 2
-0.0827174 0.0957625 0 2
-0.102631 0.104199 0 2
-0.123743 0.110178 0 2
-0.145785 0.113574 0 2
-0.168473 0.11429 0 2
-0.191516 0.112262 0 2
-0.214619 0.107456 0 2
-0.237484 0.0998723 0 2
-0.281315 0.0765299 0 2
-0.32071 0.0428675 0 2
-0.353553 -2.98023e-08 0 2
-0.378001 -0.0505253 0 2
-0.392574 -0.106797 0 2
-0.396218 -0.166627 0 2
-0.388357 -0.227644 0 2
-0.368915 -0.287405 0 2
-0.338329 -0.343499 0 2
-0.29752 -0.393661 0 2
-0.247861 -0.435868 0 2
-0.191111 -0.468433 0 2
-0.12934 -0.49008 0 2
-0.0648354 -0.499999 0 2
0 -0.497885 0 2
0.0627544 -0.483951 0 2
0.121115 -0.458914 0 2
0.172971 -0.423969 0 2
0.216506 -0.38073 0 2
0.250282 -0.331158 0 2
0.2733 -0.277476 0 2
0.285044 -0.222064 0 2
0.285505 -0.167355 0 2
0.275177 -0.115724 0 2
0.255037 -0.0693811 0 2
0.226497 -0.0302746 0 2
0.191341 -2.98023e-08 0 2
0.171921 0.0114405 0 2
0.151643 0.0202692 0 2
0.130794 0.026414 0 2
0.109669 0.0298348 0 2
0.0885661 0.0305235 0 2
0.0677805 0.0285046 0 2
0.0476039 0.0238344 0 2
0.0283203 0.0166006 0 2
0.0102026 0.00692135 0 2
-0.00649032 -0.00505632 0 2
-0.0215166 -0.0191579 0 2
-0.0346542 -0.0351838 0 2
-0.0544892 -0.0720969 0 2
-0.0647047 -0.113784 0 2
-0.064461 -0.158001 0 2
-0.0534081 -0.202368 0 2
-0.0317024 -0.244483 0 2
0 -0.28203 0 2
0.0405715 -0.31288 0 2
0.0884632 -0.335194 0 2
0.141775 -0.347505 0 2
0.198338 -0.348781 0 2
0.255816 -0.33848 0 2
0.311806 -0.31657 0 2
0.363948 -0.283535 0 2
0.410032 -0.24035 0 2
0.448095 -0.188443 0 2
0.476511 -0.129632 0 2
0.494063 -0.0660387 0 2
0.499999 -2.98023e-08 0 2
