-2 -1.90735e-06 2 4.00001
0.25 0.234999
0 -0.47
0.4 0.4
0.0999998 0.0939998
1
49
82 69 3
-0.499999 0.499998 0 2
-0.479166 0.418401 0 2
-0.458332 0.340276 0 2
-0.437499 0.265624 0 2
-0.416666 0.194443 0 2
-0.395833 0.126735 0 2
-0.374999 0.0624991 0 2
-0.354166 0.00173539 0 2
-0.333333 -0.0555561 0 2
-0.312499 -0.109375 0 2
-0.291666 -0.159723 0 2
-0.270833 -0.206597 0 2
-0.25 -0.25 0 2
-0.229166 -0.289931 0 2
-0.208333 -0.326389 0 2
-0.1875 -0.359375 0 2
-0.166666 -0.388889 0 2
-0.145833 -0.41493 0 2
-0.125 -0.4375 0 2
-0.104166 -0.456597 0 2
-0.0833332 -0.472222 0 2
-0.0624999 -0.484375 0 2
-0.0416666 -0.493055 0 2
-0.0208333 -0.498263 0 2
0 -0.5 0 2
0.0208333 -0.498263 0 2
0.0416666 -0.493055 0 2
0.0624999 -0.484375 0 2
0.0833331 -0.472222 0 2
0.104167 -0.456597 0 2
0.125 -0.4375 0 2
0.145833 -0.41493 0 2
0.166666 -0.388889 0 2
0.1875 -0.359375 0 2
0.208333 -0.326389 0 2
0.229166 -0.289931 0 2
0.25 -0.25 0 2
0.270833 -0.206597 0 2
0.291666 -0.159723 0 2
0.312499 -0.109375 0 2
0.333333 -0.0555561 0 2
0.354166 0.00173539 0 2
0.374999 0.0624991 0 2
0.395833 0.126735 0 2
0.416666 0.194443 0 2
0.437499 0.265624 0 2
0.458332 0.340276 0 2
0.479166 0.418401 0 2
0.499999 0.499998 0 2
