-0.979606 -0.979606 0.979606 0.979606
0.510409 0.479785
0 2.52485e-08
0.2 0.2
0.102082 0.095957
1
385
82 69 3
0 0 0 2
0.0331637 0.00381517 0 2
0.0648814 0.0151283 0 2
0.0937551 0.0335461 0 2
0.11848 0.058428 0 2
0.137889 0.0889059 0 2
0.150988 0.123913 0 2
0.156995 0.162219 0 2
0.155359 0.202468 0 2
0.145783 0.243225 0 2
0.128235 0.283021 0 2
0.102948 0.320404 0 2
0.0704108 0.353979 0 2
0.0313601 0.382463 0 2
-0.0132491 0.404718 0 2
-0.0622709 0.419797 0 2
-0.114405 0.426966 0 2
-0.168239 0.425736 0 2
-0.22229 0.415876 0 2
-0.275059 0.39742 0 2
-0.325069 0.37067 0 2
-0.370922 0.336184 0 2
-0.411335 0.294759 0 2
-0.445189 0.247407 0 2
-0.471557 0.195325 0 2
-0.489739 0.139853 0 2
-0.499284 0.0824321 0 2
-0.499999 0.0245634 0 2
-0.491962 -0.0322449 0 2
-0.475514 -0.0865228 0 2
-0.451252 -0.136886 0 2
-0.420004 -0.182078 0 2
-0.382807 -0.221014 0 2
-0.340873 -0.252809 0 2
-0.295547 -0.27681 0 2
-0.248267 -0.292617 0 2
-0.200513 -0.300089 0 2
-0.153765 -0.299354 0 2
-0.10945 -0.290802 0 2
-0.0689014 -0.27507 0 2
-0.0333109 -0.253021 0 2
-0.00369361 -0.225718 0 2
0.0191453 -0.194385 0 2
0.0346361 -0.160368 0 2
0.0424634 -0.125093 0 2
0.0425742 -0.0900156 0 2
0.0351809 -0.0565754 0 2
0.0207525 -0.026148 0 2
0 0 0 2
-0.026148 0.0207525 0 2
-0.0565754 0.0351809 0 2
-0.0900156 0.0425742 0 2
-0.125093 0.0424634 0 2
-0.160368 0.0346361 0 2
-0.194385 0.0191453 0 2
-0.225718 -0.00369361 0 2
-0.253021 -0.0333109 0 2
-0.27507 -0.0689014 0 2
-0.290802 -0.10945 0 2
-0.299354 -0.153765 0 2
-0.300089 -0.200513 0 2
-0.292617 -0.248267 0 2
-0.27681 -0.295547 0 2
-0.252809 -0.340873 0 2
-0.221014 -0.382807 0 2
-0.182078 -0.420004 0 2
-0.136886 -0.451252 0 2
-0.0865228 -0.475514 0 2
-0.0322449 -0.491962 0 2
0.0245634 -0.499999 0 2
0.0824321 -0.499284 0 2
0.139853 -0.489739 0 2
0.195325 -0.471557 0 2
0.247407 -0.445189 0 2
0.294759 -0.411335 0 2
0.336184 -0.370922 0 2
0.37067 -0.325069 0 2
0.39742 -0.275059 0 2
0.415876 -0.22229 0 2
0.425736 -0.168239 0 2
0.426966 -0.114405 0 2
0.419797 -0.0622709 0 2
0.404718 -0.0132491 0 2
0.382463 0.0313601 0 2
0.353979 0.0704108 0 2
0.320404 0.102948 0 2
0.283021 0.128235 0 2
0.243225 0.145783 0 2
0.202468 0.155359 0 2
0.162219 0.156995 0 2
0.123913 0.150988 0 2
0.0889059 0.137889 0 2
0.058428 0.11848 0 2
0.0335461 0.0937551 0 2
0.0151283 0.0648814 0 2
0.00381517 0.0331637 0 2
0 0 0 2
0.00381517 -0.0331636 0 2
0.0151283 -0.0648814 0 2
0.0335461 -0.0937551 0 2
0.058428 -0.11848 0 2
0.0889059 -0.137889 0 2
0.123913 -0.150988 0 2
0.162219 -0.156995 0 2
0.202468 -0.155359 0 2
0.243225 -0.145783 0 2
0.283021 -0.128235 0 2
0.320404 -0.102947 0 2
0.353979 -0.0704108 0 2
0.382463 -0.0313601 0 2
0.404718 0.0132492 0 2
0.419797 0.0622709 0 2
0.426966 0.114405 0 2
0.425736 0.168239 0 2
0.415876 0.22229 0 2
0.39742 0.275059 0 2
0.37067 0.325069 0 2
0.336184 0.370922 0 2
0.294759 0.411335 0 2
0.247407 0.445189 0 2
0.195325 0.471557 0 2
0.139853 0.489739 0 2
0.0824321 0.499284 0 2
0.0245634 0.499999 0 2
-0.0322449 0.491962 0 2
-0.0865228 0.475514 0 2
-0.136886 0.451252 0 2
-0.182078 0.420004 0 2
-0.221014 0.382807 0 2
-0.252809 0.340873 0 2
-0.27681 0.295548 0 2
-0.292617 0.248267 0 2
-0.300089 0.200513 0 2
-0.299354 0.153765 0 2
-0.290802 0.10945 0 2
-0.27507 0.0689015 0 2
-0.253021 0.0333109 0 2
-0.225718 0.00369364 0 2
-0.194385 -0.0191452 0 2
-0.160368 -0.0346361 0 2
-0.125093 -0.0424633 0 2
-0.0900156 -0.0425742 0 2
-0.0565754 -0.0351808 0 2
-0.026148 -0.0207525 0 2
0 0 0 2
0.0207525 0.026148 0 2
0.0351809 0.0565754 0 2
0.0425742 0.0900156 0 2
0.0424634 0.125093 0 2
0.0346361 0.160368 0 2
0.0191453 0.194385 0 2
-0.00369361 0.225718 0 2
-0.0333109 0.253021 0 2
-0.0689014 0.27507 0 2
-0.10945 0.290802 0 2
-0.153765 0.299354 0 2
-0.200513 0.300089 0 2
-0.248267 0.292617 0 2
-0.295547 0.27681 0 2
-0.340873 0.252809 0 2
-0.382807 0.221014 0 2
-0.420004 0.182078 0 2
-0.451252 0.136886 0 2
-0.475514 0.0865228 0 2
-0.491962 0.0322449 0 2
-0.499999 -0.0245633 0 2
-0.499284 -0.0824321 0 2
-0.489739 -0.139853 0 2
-0.471557 -0.195325 0 2
-0.445189 -0.247407 0 2
-0.411335 -0.294759 0 2
-0.370922 -0.336184 0 2
-0.325069 -0.37067 0 2
-0.275059 -0.39742 0 2
-0.22229 -0.415876 0 2
-0.168239 -0.425736 0 2
-0.114405 -0.426966 0 2
-0.0622709 -0.419796 0 2
-0.0132491 -0.404718 0 2
0.0313601 -0.382463 0 2
0.0704108 -0.353979 0 2
0.102948 -0.320404 0 2
0.128235 -0.283021 0 2
0.145783 -0.243225 0 2
0.155359 -0.202467 0 2
0.156995 -0.162219 0 2
0.150988 -0.123913 0 2
0.137889 -0.0889058 0 2
0.11848 -0.058428 0 2
0.0937551 -0.0335461 0 2
0.0648814 -0.0151282 0 2
0.0331637 -0.00381514 0 2
0 0 0 2
-0.0331636 -0.00381514 0 2
-0.0648814 -0.0151282 0 2
-0.0937551 -0.0335461 0 2
-0.11848 -0.058428 0 2
-0.137889 -0.0889058 0 2
-0.150988 -0.123913 0 2
-0.156995 -0.162219 0 2
-0.155359 -0.202467 0 2
-0.145783 -0.243225 0 2
-0.128235 -0.283021 0 2
-0.102947 -0.320404 0 2
-0.0704108 -0.353979 0 2
-0.0313601 -0.382463 0 2
0.0132492 -0.404718 0 2
0.0622709 -0.419796 0 2
0.114405 -0.426966 0 2
0.168239 -0.425736 0 2
0.22229 -0.415876 0 2
0.275059 -0.39742 0 2
0.325069 -0.37067 0 2
0.370922 -0.336184 0 2
0.411335 -0.294759 0 2
0.445189 -0.247407 0 2
0.471557 -0.195325 0 2
0.489739 -0.139853 0 2
0.499284 -0.0824321 0 2
0.499999 -0.0245633 0 2
0.491962 0.0322449 0 2
0.475514 0.0865228 0 2
0.451252 0.136886 0 2
0.420004 0.182078 0 2
0.382807 0.221014 0 2
0.340873 0.252809 0 2
0.295548 0.27681 0 2
0.248267 0.292617 0 2
0.200513 0.300089 0 2
0.153765 0.299354 0 2
0.10945 0.290802 0 2
0.0689015 0.27507 0 2
0.0333109 0.253021 0 2
0.00369364 0.225718 0 2
-0.0191452 0.194385 0 2
-0.0346361 0.160368 0 2
-0.0424633 0.125093 0 2
-0.0425742 0.0900156 0 2
-0.0351808 0.0565754 0 2
-0.0207525 0.026148 0 2
0 0 0 2
0.026148 -0.0207525 0 2
0.0565754 -0.0351808 0 2
0.0900156 -0.0425742 0 2
0.125093 -0.0424633 0 2
0.160368 -0.0346361 0 2
0.194385 -0.0191452 0 2
0.225718 0.00369364 0 2
0.253021 0.0333109 0 2
0.27507 0.0689015 0 2
0.290802 0.10945 0 2
0.299354 0.153765 0 2
0.300089 0.200513 0 2
0.292617 0.248267 0 2
0.27681 0.295548 0 2
0.252809 0.340873 0 2
0.221014 0.382807 0 2
0.182078 0.420004 0 2
0.136886 0.451252 0 2
0.0865228 0.475514 0 2
0.0322449 0.491962 0 2
-0.0245633 0.499999 0 2
-0.0824321 0.499284 0 2
-0.139853 0.489739 0 2
-0.195325 0.471557 0 2
-0.247407 0.445189 0 2
-0.294759 0.411335 0 2
-0.336184 0.370922 0 2
-0.37067 0.325069 0 2
-0.39742 0.275059 0 2
-0.415876 0.22229 0 2
-0.425736 0.168239 0 2
-0.426966 0.114405 0 2
-0.419796 0.0622709 0 2
-0.404718 0.0132492 0 2
-0.382463 -0.0313601 0 2
-0.353979 -0.0704108 0 2
-0.320404 -0.102947 0 2
-0.283021 -0.128235 0 2
-0.243225 -0.145783 0 2
-0.202467 -0.155359 0 2
-0.162219 -0.156995 0 2
-0.123913 -0.150988 0 2
-0.0889058 -0.137889 0 2
-0.058428 -0.11848 0 2
-0.0335461 -0.0937551 0 2
-0.0151282 -0.0648814 0 2
-0.00381514 -0.0331636 0 2
0 0 0 2
-0.00381514 0.0331637 0 2
-0.0151282 0.0648814 0 2
-0.0335461 0.0937551 0 2
-0.058428 0.11848 0 2
-0.0889058 0.137889 0 2
-0.123913 0.150988 0 2
-0.162219 0.156995 0 2
-0.202467 0.155359 0 2
-0.243225 0.145783 0 2
-0.283021 0.128235 0 2
-0.320404 0.102948 0 2
-0.353979 0.0704108 0 2
-0.382463 0.0313601 0 2
-0.404718 -0.0132491 0 2
-0.419796 -0.0622709 0 2
-0.426966 -0.114405 0 2
-0.425736 -0.168239 0 2
-0.415876 -0.22229 0 2
-0.39742 -0.275059 0 2
-0.37067 -0.325069 0 2
-0.336184 -0.370922 0 2
-0.294759 -0.411335 0 2
-0.247407 -0.445189 0 2
-0.195325 -0.471557 0 2
-0.139853 -0.489739 0 2
-0.0824321 -0.499284 0 2
-0.0245633 -0.499999 0 2
0.0322449 -0.491962 0 2
0.0865228 -0.475514 0 2
0.136886 -0.451252 0 2
0.182078 -0.420004 0 2
0.221014 -0.382807 0 2
0.252809 -0.340873 0 2
0.27681 -0.295547 0 2
0.292617 -0.248267 0 2
0.300089 -0.200513 0 2
0.299354 -0.153765 0 2
0.290802 -0.10945 0 2
0.27507 -0.0689014 0 2
0.253021 -0.0333109 0 2
0.225718 -0.00369361 0 2
0.194385 0.0191453 0 2
0.160368 0.0346361 0 2
0.125093 0.0424634 0 2
0.0900156 0.0425742 0 2
0.0565754 0.0351809 0 2
0.026148 0.0207525 0 2
0 0 0 2
-0.0207525 -0.026148 0 2
-0.0351808 -0.0565754 0 2
-0.0425742 -0.0900156 0 2
-0.0424633 -0.125093 0 2
-0.0346361 -0.160368 0 2
-0.0191452 -0.194385 0 2
0.00369364 -0.225718 0 2
0.0333109 -0.253021 0 2
0.0689015 -0.27507 0 2
0.10945 -0.290802 0 2
0.153765 -0.299354 0 2
0.200513 -0.300089 0 2
0.248267 -0.292617 0 2
0.295548 -0.27681 0 2
0.340873 -0.252809 0 2
0.382807 -0.221014 0 2
0.420004 -0.182078 0 2
0.451252 -0.136886 0 2
0.475514 -0.0865228 0 2
0.491962 -0.0322449 0 2
0.499999 0.0245634 0 2
0.499284 0.0824321 0 2
0.489739 0.139853 0 2
0.471557 0.195325 0 2
0.445189 0.247407 0 2
0.411335 0.294759 0 2
0.370922 0.336184 0 2
0.325069 0.37067 0 2
0.275059 0.39742 0 2
0.22229 0.415876 0 2
0.168239 0.425736 0 2
0.114405 0.426966 0 2
0.0622709 0.419797 0 2
0.0132492 0.404718 0 2
-0.0313601 0.382463 0 2
-0.0704108 0.353979 0 2
-0.102947 0.320404 0 2
-0.128235 0.283021 0 2
-0.145783 0.243225 0 2
-0.155359 0.202468 0 2
-0.156995 0.162219 0 2
-0.150988 0.123913 0 2
-0.137889 0.0889059 0 2
-0.11848 0.058428 0 2
-0.0937551 0.0335461 0 2
-0.0648814 0.0151283 0 2
-0.0331636 0.00381517 0 2
0 0 0 2
