-9.00002 -8.00002 9.00002 8.00002
0.0555554 0.0587499
-2.98023e-08 -4.55379e-09
2 2
0.111111 0.1175
1
161
82 69 3
-2.98023e-08 0 0 2
-0.097545 0.129409 0 2
-0.191341 0.25 0 2
-0.277785 0.353553 0 2
-0.353553 0.433012 0 2
-0.386505 0.461939 0 2
-0.415734 0.482962 0 2
-0.428863 0.490392 0 2
-0.44096 0.495721 0 2
-0.451994 0.498929 0 2
-0.461939 0.499999 0 2
-0.466496 0.499731 0 2
-0.470771 0.498929 0 2
-0.474763 0.497591 0 2
-0.478469 0.495721 0 2
-0.481887 0.493321 0 2
-0.485015 0.490392 0 2
-0.48785 0.486938 0 2
-0.490392 0.482962 0 2
-0.497591 0.461939 0 2
-0.499999 0.433012 0 2
-0.490392 0.353553 0 2
-0.461939 0.25 0 2
-0.415734 0.129409 0 2
-0.353553 0 0 2
-0.277785 -0.129409 0 2
-0.191341 -0.25 0 2
-0.097545 -0.353553 0 2
-2.98023e-08 -0.433012 0 2
0.0490085 -0.461939 0 2
0.097545 -0.482962 0 2
0.145142 -0.495721 0 2
0.191341 -0.499999 0 2
0.235698 -0.495721 0 2
0.277785 -0.482962 0 2
0.317196 -0.461939 0 2
0.353553 -0.433012 0 2
0.415734 -0.353553 0 2
0.461939 -0.25 0 2
0.490392 -0.129409 0 2
0.499999 0 0 2
0.490392 0.129409 0 2
0.461939 0.25 0 2
0.415734 0.353553 0 2
0.386504 0.396676 0 2
0.353553 0.433012 0 2
0.317196 0.461939 0 2
0.277785 0.482962 0 2
0.235698 0.495721 0 2
0.191341 0.499999 0 2
0.145142 0.495721 0 2
0.097545 0.482962 0 2
-2.98023e-08 0.433012 0 2
-0.097545 0.353553 0 2
-0.191341 0.25 0 2
-0.277785 0.129409 0 2
-0.353553 0 0 2
-0.415734 -0.129409 0 2
-0.461939 -0.25 0 2
-0.490392 -0.353553 0 2
-0.497591 -0.396676 0 2
-0.499999 -0.433012 0 2
-0.497591 -0.461939 0 2
-0.494587 -0.473464 0 2
-0.490392 -0.482962 0 2
-0.48785 -0.486938 0 2
-0.485015 -0.490392 0 2
-0.481887 -0.493321 0 2
-0.478469 -0.495721 0 2
-0.474763 -0.497591 0 2
-0.470771 -0.498929 0 2
-0.466496 -0.499731 0 2
-0.461939 -0.499999 0 2
-0.451994 -0.498929 0 2
-0.44096 -0.495721 0 2
-0.415734 -0.482962 0 2
-0.353553 -0.433012 0 2
-0.277785 -0.353553 0 2
-0.191341 -0.25 0 2
-0.097545 -0.129409 0 2
-2.98023e-08 0 0 2
0.097545 0.129409 0 2
0.191341 0.25 0 2
0.277785 0.353553 0 2
0.353553 0.433012 0 2
0.386504 0.461939 0 2
0.415734 0.482962 0 2
0.428863 0.490392 0 2
0.44096 0.495721 0 2
0.451994 0.498929 0 2
0.461939 0.499999 0 2
0.466496 0.499731 0 2
0.470771 0.498929 0 2
0.474763 0.497591 0 2
0.478469 0.495721 0 2
0.481887 0.493321 0 2
0.485015 0.490392 0 2
0.48785 0.486938 0 2
0.490392 0.482962 0 2
0.497591 0.461939 0 2
0.499999 0.433012 0 2
0.490392 0.353553 0 2
0.461939 0.25 0 2
0.415734 0.129409 0 2
0.353553 0 0 2
0.277785 -0.129409 0 2
0.191341 -0.25 0 2
0.097545 -0.353553 0 2
-2.98023e-08 -0.433012 0 2
-0.0490085 -0.461939 0 2
-0.097545 -0.482962 0 2
-0.145142 -0.495721 0 2
-0.191341 -0.499999 0 2
-0.235698 -0.495721 0 2
-0.277785 -0.482962 0 2
-0.317196 -0.461939 0 2
-0.353553 -0.433012 0 2
-0.415734 -0.353553 0 2
-0.461939 -0.25 0 2
-0.490392 -0.129409 0 2
-0.499999 0 0 2
-0.490392 0.129409 0 2
-0.461939 0.25 0 2
-0.415734 0.353553 0 2
-0.386505 0.396676 0 2
-0.353553 0.433012 0 2
-0.317196 0.461939 0 2
-0.277785 0.482962 0 2
-0.235698 0.495721 0 2
-0.191341 0.499999 0 2
-0.145142 0.495721 0 2
-0.097545 0.482962 0 2
-2.98023e-08 0.433012 0 2
0.097545 0.353553 0 2
0.191341 0.25 0 2
0.277785 0.129409 0 2
0.353553 0 0 2
0.415734 -0.129409 0 2
0.461939 -0.25 0 2
0.490392 -0.353553 0 2
0.497591 -0.396676 0 2
0.499999 -0.433012 0 2
0.497591 -0.461939 0 2
0.494587 -0.473464 0 2
0.490392 -0.482962 0 2
0.48785 -0.486938 0 2
0.485015 -0.490392 0 2
0.481887 -0.493321 0 2
0.478469 -0.495721 0 2
0.474763 -0.497591 0 2
0.470771 -0.498929 0 2
0.466496 -0.499731 0 2
0.461939 -0.499999 0 2
0.451994 -0.498929 0 2
0.44096 -0.495721 0 2
0.415734 -0.482962 0 2
0.353553 -0.433012 0 2
0.277785 -0.353553 0 2
0.191341 -0.25 0 2
0.097545 -0.129409 0 2
-2.98023e-08 0 0 2
