-0.923014 -0.0218451 1 0.925749
0.520016 0.991986
-0.0200174 -0.44833
0.2 0.09
0.104003 0.0892788
1
67
82 69 3
0.499999 -0.476947 0 2
0.494108 -0.339587 0 2
0.47667 -0.206865 0 2
0.44837 -0.0832246 0 2
0.410322 0.0272633 0 2
0.364021 0.121073 0 2
0.311275 0.195368 0 2
0.28312 0.224528 0 2
0.254137 0.248115 0 2
0.224606 0.266014 0 2
0.194811 0.27817 0 2
0.165038 0.284584 0 2
0.135568 0.285319 0 2
0.10668 0.280494 0 2
0.0786442 0.270287 0 2
0.0517187 0.254928 0 2
0.0261498 0.234702 0 2
0.00216728 0.209941 0 2
-0.0200174 0.181025 0 2
-0.0582532 0.112442 0 2
-0.0873125 0.0327261 0 2
-0.106361 -0.0539213 0 2
-0.115009 -0.143054 0 2
-0.113327 -0.230169 0 2
-0.10184 -0.310899 0 2
-0.0815058 -0.381198 0 2
-0.053672 -0.437515 0 2
-0.0374562 -0.459494 0 2
-0.0200174 -0.476947 0 2
-0.0016053 -0.48963 0 2
0.00788456 -0.494123 0 2
0.0175193 -0.497358 0 2
0.0272649 -0.49932 0 2
0.0370872 -0.499998 0 2
0.0568239 -0.497477 0 2
0.0764527 -0.489778 0 2
0.0861401 -0.483999 0 2
0.095697 -0.476947 0 2
0.114285 -0.459083 0 2
0.131949 -0.436346 0 2
0.163492 -0.37716 0 2
0.188434 -0.301724 0 2
0.205156 -0.213121 0 2
0.212384 -0.115054 0 2
0.209244 -0.0116906 0 2
0.195302 0.0925137 0 2
0.170582 0.193004 0 2
0.135568 0.285319 0 2
0.0911861 0.365276 0 2
0.0387647 0.429155 0 2
0.010052 0.454066 0 2
-0.0200174 0.47385 0 2
-0.0511904 0.488234 0 2
-0.0832012 0.497004 0 2
-0.115775 0.499998 0 2
-0.148628 0.497112 0 2
-0.181476 0.488302 0 2
-0.21403 0.473583 0 2
-0.277122 0.426766 0 2
-0.335698 0.357941 0 2
-0.387725 0.269266 0 2
-0.431421 0.163685 0 2
-0.465335 0.044812 0 2
-0.488404 -0.0832246 0 2
-0.499999 -0.215948 0 2
-0.499946 -0.348724 0 2
-0.488536 -0.476947 0 2
