-1 -1 0.707109 1.90735e-06
0.585785 0.939996
0.0857862 0.469998
0.2 0.1
0.117157 0.0939996
1
49
82 69 3
0.499999 0.499998 0 2
0.479175 0.434595 0 2
0.457404 0.369472 0 2
0.434738 0.304909 0 2
0.411231 0.24118 0 2
0.38694 0.17856 0 2
0.361923 0.117316 0 2
0.336242 0.0577111 0 2
0.309956 0 0 2
0.283131 -0.05557 0 2
0.255831 -0.108761 0 2
0.22812 -0.159345 0 2
0.200067 -0.207106 0 2
0.171739 -0.251839 0 2
0.143203 -0.293352 0 2
0.114529 -0.331468 0 2
0.0857862 -0.366024 0 2
0.0570431 -0.396871 0 2
0.0283692 -0.423878 0 2
-0.000166327 -0.446928 0 2
-0.0284948 -0.465924 0 2
-0.056548 -0.480783 0 2
-0.0842582 -0.491443 0 2
-0.111559 -0.497857 0 2
-0.138384 -0.499998 0 2
-0.164669 -0.497857 0 2
-0.190351 -0.491443 0 2
-0.215368 -0.480783 0 2
-0.239659 -0.465924 0 2
-0.263166 -0.446928 0 2
-0.285832 -0.423878 0 2
-0.307603 -0.396871 0 2
-0.328426 -0.366024 0 2
-0.348252 -0.331468 0 2
-0.367032 -0.293352 0 2
-0.384721 -0.251839 0 2
-0.401276 -0.207106 0 2
-0.416658 -0.159345 0 2
-0.43083 -0.108761 0 2
-0.443757 -0.05557 0 2
-0.455409 0 0 2
-0.465756 0.0577111 0 2
-0.474775 0.117316 0 2
-0.482444 0.17856 0 2
-0.488743 0.24118 0 2
-0.493659 0.304909 0 2
-0.497178 0.369472 0 2
-0.499293 0.434595 0 2
-0.499999 0.499998 0 2
