-0.928502 -0.928502 0.928502 0.928502
0.538502 0.506192
0 2.52485e-08
0.2 0.2
0.1077 0.101238
1
225
82 69 3
0 0 0 2
0.139076 0.00911552 0 2
0.266947 0.0351443 0 2
0.373462 0.0742862 0 2
0.416062 0.097012 0 2
0.450466 0.120702 0 2
0.476088 0.14442 0 2
0.485479 0.155987 0 2
0.492548 0.167198 0 2
0.497281 0.17793 0 2
0.499675 0.188064 0 2
0.499999 0.192871 0 2
0.499744 0.197484 0 2
0.498913 0.20189 0 2
0.497511 0.206076 0 2
0.495543 0.210027 0 2
0.493015 0.21373 0 2
0.489933 0.217172 0 2
0.486305 0.220342 0 2
0.477446 0.225815 0 2
0.466511 0.230058 0 2
0.453585 0.232986 0 2
0.438765 0.234525 0 2
0.403876 0.233178 0 2
0.362798 0.225602 0 2
0.316606 0.211549 0 2
0.213611 0.163909 0 2
0.104787 0.0918959 0 2
0 0 0 2
-0.091896 -0.104787 0 2
-0.16391 -0.213611 0 2
-0.211549 -0.316606 0 2
-0.225602 -0.362798 0 2
-0.233178 -0.403876 0 2
-0.234525 -0.438765 0 2
-0.232986 -0.453585 0 2
-0.230058 -0.466511 0 2
-0.225815 -0.477446 0 2
-0.220342 -0.486305 0 2
-0.217172 -0.489933 0 2
-0.21373 -0.493015 0 2
-0.210027 -0.495543 0 2
-0.206076 -0.497511 0 2
-0.20189 -0.498913 0 2
-0.197484 -0.499744 0 2
-0.192871 -0.499999 0 2
-0.188064 -0.499675 0 2
-0.17793 -0.497281 0 2
-0.167198 -0.492548 0 2
-0.155987 -0.485479 0 2
-0.14442 -0.476088 0 2
-0.120702 -0.450466 0 2
-0.097012 -0.416062 0 2
-0.0742862 -0.373462 0 2
-0.0351443 -0.266947 0 2
-0.00911555 -0.139076 0 2
0 0 0 2
-0.00911555 0.139076 0 2
-0.0351443 0.266947 0 2
-0.0742862 0.373462 0 2
-0.097012 0.416062 0 2
-0.120702 0.450466 0 2
-0.14442 0.476088 0 2
-0.155987 0.485479 0 2
-0.167198 0.492548 0 2
-0.17793 0.497281 0 2
-0.188064 0.499675 0 2
-0.192871 0.499999 0 2
-0.197484 0.499744 0 2
-0.20189 0.498913 0 2
-0.206076 0.497511 0 2
-0.210027 0.495543 0 2
-0.21373 0.493015 0 2
-0.217172 0.489933 0 2
-0.220342 0.486305 0 2
-0.225815 0.477446 0 2
-0.230058 0.466511 0 2
-0.232986 0.453585 0 2
-0.234525 0.438765 0 2
-0.233178 0.403876 0 2
-0.225602 0.362798 0 2
-0.211549 0.316606 0 2
-0.16391 0.213611 0 2
-0.091896 0.104787 0 2
0 0 0 2
0.104787 -0.091896 0 2
0.213611 -0.16391 0 2
0.316606 -0.211549 0 2
0.362798 -0.225602 0 2
0.403876 -0.233178 0 2
0.438765 -0.234525 0 2
0.453585 -0.232986 0 2
0.466511 -0.230058 0 2
0.477446 -0.225815 0 2
0.486305 -0.220342 0 2
0.489933 -0.217172 0 2
0.493015 -0.21373 0 2
0.495543 -0.210027 0 2
0.497511 -0.206076 0 2
0.498913 -0.20189 0 2
0.499744 -0.197484 0 2
0.499999 -0.192871 0 2
0.499675 -0.188064 0 2
0.497281 -0.17793 0 2
0.492548 -0.167198 0 2
0.485479 -0.155987 0 2
0.476088 -0.14442 0 2
0.450466 -0.120702 0 2
0.416062 -0.097012 0 2
0.373462 -0.0742862 0 2
0.266947 -0.0351443 0 2
0.139076 -0.00911555 0 2
0 0 0 2
-0.139076 -0.00911555 0 2
-0.266947 -0.0351443 0 2
-0.373462 -0.0742862 0 2
-0.416062 -0.097012 0 2
-0.450466 -0.120702 0 2
-0.476088 -0.14442 0 2
-0.485479 -0.155987 0 2
-0.492548 -0.167198 0 2
-0.497281 -0.17793 0 2
-0.499675 -0.188064 0 2
-0.499999 -0.192871 0 2
-0.499744 -0.197484 0 2
-0.498913 -0.20189 0 2
-0.497511 -0.206076 0 2
-0.495543 -0.210027 0 2
-0.493015 -0.21373 0 2
-0.489933 -0.217172 0 2
-0.486305 -0.220342 0 2
-0.477446 -0.225815 0 2
-0.466511 -0.230058 0 2
-0.453585 -0.232986 0 2
-0.438765 -0.234525 0 2
-0.403876 -0.233178 0 2
-0.362798 -0.225602 0 2
-0.316606 -0.211549 0 2
-0.213611 -0.16391 0 2
-0.104787 -0.091896 0 2
0 0 0 2
0.0918959 0.104787 0 2
0.163909 0.213611 0 2
0.211549 0.316606 0 2
0.225602 0.362798 0 2
0.233178 0.403876 0 2
0.234525 0.438765 0 2
0.232986 0.453585 0 2
0.230058 0.466511 0 2
0.225815 0.477446 0 2
0.220342 0.486305 0 2
0.217172 0.489933 0 2
0.21373 0.493015 0 2
0.210027 0.495543 0 2
0.206076 0.497511 0 2
0.20189 0.498913 0 2
0.197484 0.499744 0 2
0.192871 0.499999 0 2
0.188064 0.499675 0 2
0.17793 0.497281 0 2
0.167198 0.492548 0 2
0.155987 0.485479 0 2
0.14442 0.476088 0 2
0.120702 0.450466 0 2
0.097012 0.416062 0 2
0.0742862 0.373462 0 2
0.0351443 0.266947 0 2
0.00911552 0.139076 0 2
0 0 0 2
0.00911552 -0.139076 0 2
0.0351443 -0.266947 0 2
0.0742862 -0.373462 0 2
0.097012 -0.416062 0 2
0.120702 -0.450466 0 2
0.14442 -0.476088 0 2
0.155987 -0.485479 0 2
0.167198 -0.492548 0 2
0.17793 -0.497281 0 2
0.188064 -0.499675 0 2
0.192871 -0.499999 0 2
0.197484 -0.499744 0 2
0.20189 -0.498913 0 2
0.206076 -0.497511 0 2
0.210027 -0.495543 0 2
0.21373 -0.493015 0 2
0.217172 -0.489933 0 2
0.220342 -0.486305 0 2
0.225815 -0.477446 0 2
0.230058 -0.466511 0 2
0.232986 -0.453585 0 2
0.234525 -0.438765 0 2
0.233178 -0.403876 0 2
0.225602 -0.362798 0 2
0.211549 -0.316606 0 2
0.163909 -0.213611 0 2
0.0918959 -0.104787 0 2
0 0 0 2
-0.104787 0.0918959 0 2
-0.213611 0.163909 0 2
-0.316606 0.211549 0 2
-0.362798 0.225602 0 2
-0.403876 0.233178 0 2
-0.438765 0.234525 0 2
-0.453585 0.232986 0 2
-0.466511 0.230058 0 2
-0.477446 0.225815 0 2
-0.486305 0.220342 0 2
-0.489933 0.217172 0 2
-0.493015 0.21373 0 2
-0.495543 0.210027 0 2
-0.497511 0.206076 0 2
-0.498913 0.20189 0 2
-0.499744 0.197484 0 2
-0.499999 0.192871 0 2
-0.499675 0.188064 0 2
-0.497281 0.17793 0 2
-0.492548 0.167198 0 2
-0.485479 0.155987 0 2
-0.476088 0.14442 0 2
-0.450466 0.120702 0 2
-0.416062 0.097012 0 2
-0.373462 0.0742862 0 2
-0.266947 0.0351443 0 2
-0.139076 0.00911552 0 2
0 0 0 2
