-3.1416 -3.1416 3.1416 3.1416
0.159155 0.149605
0 -3.43561e-08
1 1
0.159155 0.149605
1
57
82 69 3
-0.499999 0 0 2
-0.479166 -0.0207738 0 2
-0.458332 -0.0411923 0 2
-0.437499 -0.0609058 0 2
-0.416666 -0.0795773 0 2
-0.395833 -0.0968872 0 2
-0.374999 -0.112539 0 2
-0.354166 -0.126266 0 2
-0.333333 -0.137832 0 2
-0.312499 -0.14704 0 2
-0.291666 -0.153732 0 2
-0.281249 -0.156097 0 2
-0.270833 -0.157793 0 2
-0.260416 -0.158814 0 2
-0.25 -0.159155 0 2
-0.239583 -0.158814 0 2
-0.229166 -0.157793 0 2
-0.21875 -0.156097 0 2
-0.208333 -0.153732 0 2
-0.1875 -0.14704 0 2
-0.166666 -0.137832 0 2
-0.145833 -0.126266 0 2
-0.125 -0.112539 0 2
-0.104166 -0.0968872 0 2
-0.0833332 -0.0795773 0 2
-0.0624999 -0.0609058 0 2
-0.0416666 -0.0411923 0 2
-0.0208333 -0.0207738 0 2
0 0 0 2
0.0208333 0.0207738 0 2
0.0416666 0.0411923 0 2
0.0624999 0.0609059 0 2
0.0833331 0.0795773 0 2
0.104167 0.0968872 0 2
0.125 0.112539 0 2
0.145833 0.126266 0 2
0.166666 0.137832 0 2
0.1875 0.14704 0 2
0.208333 0.153732 0 2
0.21875 0.156097 0 2
0.229166 0.157793 0 2
0.239583 0.158814 0 2
0.25 0.159155 0 2
0.260416 0.158814 0 2
0.270833 0.157793 0 2
0.28125 0.156097 0 2
0.291666 0.153732 0 2
0.312499 0.14704 0 2
0.333333 0.137832 0 2
0.354166 0.126266 0 2
0.374999 0.112539 0 2
0.395833 0.0968872 0 2
0.416666 0.0795773 0 2
0.437499 0.0609059 0 2
0.458332 0.0411923 0 2
0.479166 0.0207738 0 2
0.499999 0 0 2
