-3.0356 -0.332911 3.0356 5.00001
0.164712 0.176264
0 -0.41132
0.6 0.5
0.0988272 0.0881318
1
77
82 69 3
0.329424 -0.437574 0 2
0.390552 -0.379039 0 2
0.441733 -0.302826 0 2
0.479052 -0.211674 0 2
0.499257 -0.109424 0 2
0.499999 -0.000797927 0 2
0.480006 0.108883 0 2
0.43919 0.214026 0 2
0.378679 0.309118 0 2
0.300769 0.389068 0 2
0.208795 0.449536 0 2
0.106944 0.487206 0 2
0 0.499998 0 2
-0.106944 0.487206 0 2
-0.208795 0.449536 0 2
-0.300769 0.389068 0 2
-0.378679 0.309118 0 2
-0.43919 0.214026 0 2
-0.480006 0.108883 0 2
-0.499999 -0.000797927 0 2
-0.499257 -0.109424 0 2
-0.479052 -0.211674 0 2
-0.441733 -0.302826 0 2
-0.390552 -0.379039 0 2
-0.329424 -0.437574 0 2
-0.26266 -0.476941 0 2
-0.228545 -0.489328 0 2
-0.194665 -0.496956 0 2
-0.161536 -0.5 0 2
-0.129645 -0.498709 0 2
-0.0994392 -0.493401 0 2
-0.0713224 -0.484453 0 2
-0.045645 -0.472296 0 2
-0.0227003 -0.457404 0 2
-0.00271976 -0.44029 0 2
0.0141301 -0.421488 0 2
0.02775 -0.401551 0 2
0.0381088 -0.381035 0 2
0.0452429 -0.36049 0 2
0.0492552 -0.340451 0 2
0.0503117 -0.321429 0 2
0.0486384 -0.303895 0 2
0.0445156 -0.288281 0 2
0.0382728 -0.274964 0 2
0.0302814 -0.264264 0 2
0.0257558 -0.259978 0 2
0.0209475 -0.256436 0 2
0.0159114 -0.253659 0 2
0.0107035 -0.251663 0 2
0.00538057 -0.250461 0 2
0 -0.25006 0 2
-0.00538054 -0.250461 0 2
-0.0107035 -0.251663 0 2
-0.0159114 -0.253659 0 2
-0.0209475 -0.256436 0 2
-0.0257557 -0.259978 0 2
-0.0302814 -0.264264 0 2
-0.0382728 -0.274964 0 2
-0.0445156 -0.288281 0 2
-0.0486383 -0.303895 0 2
-0.0503117 -0.321429 0 2
-0.0492552 -0.340451 0 2
-0.0452429 -0.36049 0 2
-0.0381087 -0.381035 0 2
-0.02775 -0.401551 0 2
-0.01413 -0.421488 0 2
0.00271982 -0.44029 0 2
0.0227003 -0.457404 0 2
0.045645 -0.472296 0 2
0.0713224 -0.484453 0 2
0.0994392 -0.493401 0 2
0.129645 -0.498709 0 2
0.161536 -0.5 0 2
0.194665 -0.496956 0 2
0.228545 -0.489328 0 2
0.26266 -0.476941 0 2
0.329424 -0.437574 0 2
