-1.90735e-06 -6.00001 4.00001 6.00001
0.249999 0.0783332
-0.5 -4.55379e-09
0.4 1
0.0999998 0.0783332
1
49
82 69 3
-0.5 -0.499999 0 2
-0.479166 -0.427034 0 2
-0.458333 -0.360725 0 2
-0.4375 -0.300781 0 2
-0.416666 -0.246913 0 2
-0.395833 -0.198833 0 2
-0.375 -0.15625 0 2
-0.354167 -0.118875 0 2
-0.333333 -0.0864196 0 2
-0.3125 -0.0585937 0 2
-0.291667 -0.035108 0 2
-0.270833 -0.0156732 0 2
-0.25 -2.98023e-08 0 2
-0.229167 0.012201 0 2
-0.208334 0.0212191 0 2
-0.1875 0.0273437 0 2
-0.166667 0.0308641 0 2
-0.145834 0.0320697 0 2
-0.125 0.0312499 0 2
-0.104167 0.028694 0 2
-0.0833338 0.0246913 0 2
-0.0625006 0.0195312 0 2
-0.0416673 0.013503 0 2
-0.020834 0.0068962 0 2
-7.15256e-07 -2.98023e-08 0 2
0.0208325 -0.00689623 0 2
0.0416659 -0.0135031 0 2
0.0624991 -0.0195312 0 2
0.0833324 -0.0246913 0 2
0.104166 -0.028694 0 2
0.124999 -0.0312499 0 2
0.145832 -0.0320698 0 2
0.166666 -0.0308641 0 2
0.187499 -0.0273437 0 2
0.208332 -0.0212191 0 2
0.229165 -0.012201 0 2
0.249999 -2.98023e-08 0 2
0.270832 0.0156732 0 2
0.291665 0.0351079 0 2
0.312499 0.0585936 0 2
0.333332 0.0864196 0 2
0.354165 0.118875 0 2
0.374998 0.15625 0 2
0.395832 0.198833 0 2
0.416665 0.246913 0 2
0.437498 0.300781 0 2
0.458332 0.360725 0 2
0.479165 0.427034 0 2
0.499998 0.499999 0 2
