-6.2832 -0.956058 6.2832 0.956058
0.0795773 0.491602
0 2.52485e-08
1 0.2
0.0795773 0.0983204
1
49
82 69 3
-0.499999 -0.0828841 0 2
-0.479166 -0.0864553 0 2
-0.458332 -0.0903463 0 2
-0.437499 -0.0946021 0 2
-0.416666 -0.0992759 0 2
-0.395833 -0.104432 0 2
-0.374999 -0.110149 0 2
-0.354166 -0.116522 0 2
-0.333333 -0.12367 0 2
-0.312499 -0.131741 0 2
-0.291666 -0.140925 0 2
-0.270833 -0.151463 0 2
-0.25 -0.163673 0 2
-0.229166 -0.177976 0 2
-0.208333 -0.194942 0 2
-0.1875 -0.215356 0 2
-0.166666 -0.240325 0 2
-0.145833 -0.271424 0 2
-0.125 -0.310902 0 2
-0.104166 -0.361785 0 2
-0.0833332 -0.426895 0 2
-0.0624999 -0.499999 0 2
-0.0416666 -0.493206 0 2
-0.0208333 0.328084 0 2
0 0.408695 0 2
0.0208333 -0.328084 0 2
0.0416666 0.493206 0 2
0.0624999 0.499999 0 2
0.0833331 0.426895 0 2
0.104167 0.361785 0 2
0.125 0.310902 0 2
0.145833 0.271424 0 2
0.166666 0.240325 0 2
0.1875 0.215356 0 2
0.208333 0.194942 0 2
0.229166 0.177976 0 2
0.25 0.163673 0 2
0.270833 0.151463 0 2
0.291666 0.140925 0 2
0.312499 0.131741 0 2
0.333333 0.12367 0 2
0.354166 0.116522 0 2
0.374999 0.110149 0 2
0.395833 0.104432 0 2
0.416666 0.0992759 0 2
0.437499 0.094602 0 2
0.458332 0.0903463 0 2
0.479166 0.0864552 0 2
0.499999 0.082884 0 2
