-1 -1 1 1
0.499999 0.469999
0 -4.55379e-09
0.2 0.2
0.0999998 0.0939998
1
385
82 69 3
0.499999 0 0 2
0.495659 0.057021 0 2
0.482772 0.112567 0 2
0.461725 0.165208 0 2
0.433155 0.213609 0 2
0.397922 0.256566 0 2
0.357084 0.293051 0 2
0.311861 0.322238 0 2
0.263601 0.343531 0 2
0.21373 0.356587 0 2
0.163711 0.361318 0 2
0.114995 0.357899 0 2
0.0689747 0.346759 0 2
0.0269412 0.32857 0 2
-0.00995904 0.304217 0 2
-0.0407594 0.274778 0 2
-0.0647047 0.241481 0 2
-0.0812739 0.205668 0 2
-0.0901977 0.168748 0 2
-0.0914654 0.132154 0 2
-0.0853255 0.097295 0 2
-0.0722761 0.0655072 0 2
-0.0530488 0.0380142 0 2
-0.0285841 0.0158852 0 2
0 0 0 2
0.0314445 -0.00897944 0 2
0.0643913 -0.010631 0 2
0.0974275 -0.00478631 0 2
0.129132 0.0084638 0 2
0.158123 0.0287715 0 2
0.183102 0.0555434 0 2
0.202898 0.0879596 0 2
0.216506 0.125 0 2
0.223119 0.165476 0 2
0.222156 0.208072 0 2
0.213283 0.251384 0 2
0.196423 0.293968 0 2
0.171759 0.334386 0 2
0.139729 0.371251 0 2
0.101015 0.403275 0 2
0.0565194 0.429307 0 2
0.00733721 0.448375 0 2
-0.0452779 0.459714 0 2
-0.0999538 0.462793 0 2
-0.155243 0.457331 0 2
-0.20967 0.443309 0 2
-0.261775 0.420968 0 2
-0.310164 0.390804 0 2
-0.353553 0.353553 0 2
-0.390804 0.310164 0 2
-0.420968 0.261775 0 2
-0.443309 0.209669 0 2
-0.457331 0.155243 0 2
-0.462793 0.0999538 0 2
-0.459715 0.045278 0 2
-0.448375 -0.00733718 0 2
-0.429307 -0.0565194 0 2
-0.403275 -0.101015 0 2
-0.371251 -0.139729 0 2
-0.334386 -0.171759 0 2
-0.293968 -0.196423 0 2
-0.251384 -0.213283 0 2
-0.208072 -0.222156 0 2
-0.165476 -0.223119 0 2
-0.125 -0.216506 0 2
-0.0879596 -0.202898 0 2
-0.0555435 -0.183102 0 2
-0.0287715 -0.158123 0 2
-0.00846377 -0.129132 0 2
0.00478631 -0.0974275 0 2
0.0106311 -0.0643913 0 2
0.0089795 -0.0314445 0 2
0 0 0 2
-0.0158852 0.0285841 0 2
-0.0380142 0.0530488 0 2
-0.0655072 0.0722761 0 2
-0.097295 0.0853254 0 2
-0.132154 0.0914654 0 2
-0.168748 0.0901977 0 2
-0.205668 0.0812739 0 2
-0.241481 0.0647047 0 2
-0.274778 0.0407595 0 2
-0.304217 0.00995904 0 2
-0.32857 -0.0269412 0 2
-0.346759 -0.0689747 0 2
-0.357899 -0.114995 0 2
-0.361318 -0.163711 0 2
-0.356587 -0.21373 0 2
-0.343531 -0.263601 0 2
-0.322238 -0.311861 0 2
-0.293051 -0.357084 0 2
-0.256566 -0.397922 0 2
-0.213609 -0.433155 0 2
-0.165208 -0.461725 0 2
-0.112567 -0.482772 0 2
-0.057021 -0.495659 0 2
0 -0.499999 0 2
0.057021 -0.495659 0 2
0.112567 -0.482772 0 2
0.165208 -0.461725 0 2
0.213609 -0.433155 0 2
0.256566 -0.397922 0 2
0.293051 -0.357084 0 2
0.322238 -0.311861 0 2
0.343531 -0.263601 0 2
0.356587 -0.21373 0 2
0.361318 -0.163711 0 2
0.357899 -0.114995 0 2
0.346759 -0.0689747 0 2
0.32857 -0.0269412 0 2
0.304217 0.00995904 0 2
0.274778 0.0407595 0 2
0.241481 0.0647047 0 2
0.205668 0.0812739 0 2
0.168748 0.0901977 0 2
0.132154 0.0914654 0 2
0.097295 0.0853254 0 2
0.0655072 0.0722761 0 2
0.0380142 0.0530488 0 2
0.0158852 0.0285841 0 2
0 0 0 2
-0.00897944 -0.0314445 0 2
-0.010631 -0.0643913 0 2
-0.00478631 -0.0974275 0 2
0.0084638 -0.129132 0 2
0.0287715 -0.158123 0 2
0.0555434 -0.183102 0 2
0.0879596 -0.202898 0 2
0.125 -0.216506 0 2
0.165476 -0.223119 0 2
0.208072 -0.222156 0 2
0.251384 -0.213283 0 2
0.293968 -0.196423 0 2
0.334386 -0.171759 0 2
0.371251 -0.139729 0 2
0.403275 -0.101015 0 2
0.429307 -0.0565194 0 2
0.448375 -0.00733718 0 2
0.459714 0.045278 0 2
0.462793 0.0999538 0 2
0.457331 0.155243 0 2
0.443309 0.209669 0 2
0.420968 0.261775 0 2
0.390804 0.310164 0 2
0.353553 0.353553 0 2
0.310164 0.390804 0 2
0.261775 0.420968 0 2
0.209669 0.443309 0 2
0.155243 0.457331 0 2
0.0999538 0.462793 0 2
0.045278 0.459714 0 2
-0.00733718 0.448375 0 2
-0.0565194 0.429307 0 2
-0.101015 0.403275 0 2
-0.139729 0.371251 0 2
-0.171759 0.334386 0 2
-0.196423 0.293968 0 2
-0.213283 0.251384 0 2
-0.222156 0.208072 0 2
-0.223119 0.165476 0 2
-0.216506 0.125 0 2
-0.202898 0.0879596 0 2
-0.183102 0.0555434 0 2
-0.158123 0.0287715 0 2
-0.129132 0.0084638 0 2
-0.0974275 -0.00478631 0 2
-0.0643913 -0.010631 0 2
-0.0314445 -0.00897944 0 2
0 0 0 2
0.0285841 0.0158852 0 2
0.0530488 0.0380142 0 2
0.0722761 0.0655072 0 2
0.0853254 0.097295 0 2
0.0914654 0.132154 0 2
0.0901977 0.168748 0 2
0.0812739 0.205668 0 2
0.0647047 0.241481 0 2
0.0407595 0.274778 0 2
0.00995904 0.304217 0 2
-0.0269412 0.32857 0 2
-0.0689747 0.346759 0 2
-0.114995 0.357899 0 2
-0.163711 0.361318 0 2
-0.21373 0.356587 0 2
-0.263601 0.343531 0 2
-0.311861 0.322238 0 2
-0.357084 0.293051 0 2
-0.397922 0.256566 0 2
-0.433155 0.213609 0 2
-0.461725 0.165208 0 2
-0.482772 0.112567 0 2
-0.495659 0.057021 0 2
-0.499999 0 0 2
-0.495659 -0.057021 0 2
-0.482772 -0.112567 0 2
-0.461725 -0.165208 0 2
-0.433155 -0.213609 0 2
-0.397922 -0.256566 0 2
-0.357084 -0.293051 0 2
-0.311861 -0.322238 0 2
-0.263601 -0.343531 0 2
-0.21373 -0.356587 0 2
-0.163711 -0.361318 0 2
-0.114995 -0.357899 0 2
-0.0689747 -0.346759 0 2
-0.0269412 -0.32857 0 2
0.00995904 -0.304217 0 2
0.0407595 -0.274778 0 2
0.0647047 -0.241481 0 2
0.0812739 -0.205668 0 2
0.0901977 -0.168748 0 2
0.0914654 -0.132154 0 2
0.0853254 -0.097295 0 2
0.0722761 -0.0655072 0 2
0.0530488 -0.0380142 0 2
0.0285841 -0.0158852 0 2
0 0 0 2
-0.0314445 0.0089795 0 2
-0.0643913 0.0106311 0 2
-0.0974275 0.00478631 0 2
-0.129132 -0.00846377 0 2
-0.158123 -0.0287715 0 2
-0.183102 -0.0555435 0 2
-0.202898 -0.0879596 0 2
-0.216506 -0.125 0 2
-0.223119 -0.165476 0 2
-0.222156 -0.208072 0 2
-0.213283 -0.251384 0 2
-0.196423 -0.293968 0 2
-0.171759 -0.334386 0 2
-0.139729 -0.371251 0 2
-0.101015 -0.403275 0 2
-0.0565194 -0.429307 0 2
-0.00733718 -0.448375 0 2
0.045278 -0.459715 0 2
0.0999538 -0.462793 0 2
0.155243 -0.457331 0 2
0.209669 -0.443309 0 2
0.261775 -0.420968 0 2
0.310164 -0.390804 0 2
0.353553 -0.353553 0 2
0.390804 -0.310164 0 2
0.420968 -0.261775 0 2
0.443309 -0.20967 0 2
0.457331 -0.155243 0 2
0.462793 -0.0999538 0 2
0.459714 -0.0452779 0 2
0.448375 0.00733721 0 2
0.429307 0.0565194 0 2
0.403275 0.101015 0 2
0.371251 0.139729 0 2
0.334386 0.171759 0 2
0.293968 0.196423 0 2
0.251384 0.213283 0 2
0.208072 0.222156 0 2
0.165476 0.223119 0 2
0.125 0.216506 0 2
0.0879596 0.202898 0 2
0.0555434 0.183102 0 2
0.0287715 0.158123 0 2
0.0084638 0.129132 0 2
-0.00478631 0.0974275 0 2
-0.010631 0.0643913 0 2
-0.00897944 0.0314445 0 2
0 0 0 2
0.0158852 -0.0285841 0 2
0.0380142 -0.0530488 0 2
0.0655072 -0.0722761 0 2
0.097295 -0.0853255 0 2
0.132154 -0.0914654 0 2
0.168748 -0.0901977 0 2
0.205668 -0.0812739 0 2
0.241481 -0.0647047 0 2
0.274778 -0.0407594 0 2
0.304217 -0.00995904 0 2
0.32857 0.0269412 0 2
0.346759 0.0689747 0 2
0.357899 0.114995 0 2
0.361318 0.163711 0 2
0.356587 0.21373 0 2
0.343531 0.263601 0 2
0.322238 0.311861 0 2
0.293051 0.357084 0 2
0.256566 0.397922 0 2
0.213609 0.433155 0 2
0.165208 0.461725 0 2
0.112567 0.482772 0 2
0.057021 0.495659 0 2
0 0.499999 0 2
-0.057021 0.495659 0 2
-0.112567 0.482772 0 2
-0.165208 0.461725 0 2
-0.213609 0.433155 0 2
-0.256566 0.397922 0 2
-0.293051 0.357084 0 2
-0.322238 0.311861 0 2
-0.343531 0.263601 0 2
-0.356587 0.21373 0 2
-0.361318 0.163711 0 2
-0.357899 0.114995 0 2
-0.346759 0.0689747 0 2
-0.32857 0.0269412 0 2
-0.304217 -0.00995904 0 2
-0.274778 -0.0407594 0 2
-0.241481 -0.0647047 0 2
-0.205668 -0.0812739 0 2
-0.168748 -0.0901977 0 2
-0.132154 -0.0914654 0 2
-0.097295 -0.0853255 0 2
-0.0655072 -0.0722761 0 2
-0.0380142 -0.0530488 0 2
-0.0158852 -0.0285841 0 2
0 0 0 2
0.0089795 0.0314445 0 2
0.0106311 0.0643913 0 2
0.00478631 0.0974275 0 2
-0.00846377 0.129132 0 2
-0.0287715 0.158123 0 2
-0.0555435 0.183102 0 2
-0.0879596 0.202898 0 2
-0.125 0.216506 0 2
-0.165476 0.223119 0 2
-0.208072 0.222156 0 2
-0.251384 0.213283 0 2
-0.293968 0.196423 0 2
-0.334386 0.171759 0 2
-0.371251 0.139729 0 2
-0.403275 0.101015 0 2
-0.429307 0.0565194 0 2
-0.448375 0.00733721 0 2
-0.459715 -0.0452779 0 2
-0.462793 -0.0999538 0 2
-0.457331 -0.155243 0 2
-0.443309 -0.20967 0 2
-0.420968 -0.261775 0 2
-0.390804 -0.310164 0 2
-0.353553 -0.353553 0 2
-0.310164 -0.390804 0 2
-0.261775 -0.420968 0 2
-0.20967 -0.443309 0 2
-0.155243 -0.457331 0 2
-0.0999538 -0.462793 0 2
-0.0452779 -0.459715 0 2
0.00733721 -0.448375 0 2
0.0565194 -0.429307 0 2
0.101015 -0.403275 0 2
0.139729 -0.371251 0 2
0.171759 -0.334386 0 2
0.196423 -0.293968 0 2
0.213283 -0.251384 0 2
0.222156 -0.208072 0 2
0.223119 -0.165476 0 2
0.216506 -0.125 0 2
0.202898 -0.0879596 0 2
0.183102 -0.0555435 0 2
0.158123 -0.0287715 0 2
0.129132 -0.00846377 0 2
0.0974275 0.00478631 0 2
0.0643913 0.0106311 0 2
0.0314445 0.0089795 0 2
0 0 0 2
-0.0285841 -0.0158852 0 2
-0.0530488 -0.0380142 0 2
-0.0722761 -0.0655072 0 2
-0.0853255 -0.097295 0 2
-0.0914654 -0.132154 0 2
-0.0901977 -0.168748 0 2
-0.0812739 -0.205668 0 2
-0.0647047 -0.241481 0 2
-0.0407594 -0.274778 0 2
-0.00995904 -0.304217 0 2
0.0269412 -0.32857 0 2
0.0689747 -0.346759 0 2
0.114995 -0.357899 0 2
0.163711 -0.361318 0 2
0.21373 -0.356587 0 2
0.263601 -0.343531 0 2
0.311861 -0.322238 0 2
0.357084 -0.293051 0 2
0.397922 -0.256566 0 2
0.433155 -0.213609 0 2
0.461725 -0.165208 0 2
0.482772 -0.112567 0 2
0.495659 -0.057021 0 2
0.499999 0 0 2
