-6.2832 -2.61313 6.2832 2.61313
0.0795773 0.179861
0 2.52485e-08
1 1
0.0795773 0.179861
5
6
82 69 3
-0.406249 0.499999 0 2
-0.416666 0.382683 0 2
-0.437499 0.270598 0 2
-0.458332 0.220942 0 2
-0.479166 0.198091 0 2
-0.499999 0.191341 0 2
11
82 69 3
-0.15625 -0.499999 0 2
-0.166666 -0.382683 0 2
-0.1875 -0.270598 0 2
-0.208333 -0.220942 0 2
-0.229166 -0.198091 0 2
-0.25 -0.191341 0 2
-0.270833 -0.198091 0 2
-0.291666 -0.220942 0 2
-0.312499 -0.270598 0 2
-0.333333 -0.382683 0 2
-0.343749 -0.499999 0 2
11
82 69 3
0.0937498 0.499999 0 2
0.0833331 0.382683 0 2
0.0624999 0.270598 0 2
0.0416666 0.220942 0 2
0.0208333 0.198091 0 2
0 0.191341 0 2
-0.0208333 0.198091 0 2
-0.0416666 0.220942 0 2
-0.0624999 0.270598 0 2
-0.0833332 0.382683 0 2
-0.0937498 0.499999 0 2
11
82 69 3
0.343749 -0.499999 0 2
0.333333 -0.382683 0 2
0.312499 -0.270598 0 2
0.291666 -0.220942 0 2
0.270833 -0.198091 0 2
0.25 -0.191341 0 2
0.229166 -0.198091 0 2
0.208333 -0.220942 0 2
0.1875 -0.270598 0 2
0.166666 -0.382683 0 2
0.15625 -0.499999 0 2
6
82 69 3
0.406249 0.499999 0 2
0.416666 0.382683 0 2
0.437499 0.270598 0 2
0.458332 0.220942 0 2
0.479166 0.198091 0 2
0.499999 0.191341 0 2
