9.99998 -2.55581 16 2.55726
0.166665 0.183843
-2.16665 -0.000133728
0.6 0.5
0.0999992 0.0919214
1
639
82 69 3
-0.499997 0.23627 0 2
-0.479164 0.292795 0 2
-0.458331 0.349312 0 2
-0.447914 0.375908 0 2
-0.437497 0.399466 0 2
-0.432289 0.409301 0 2
-0.427081 0.4172 0 2
-0.421872 0.422494 0 2
-0.416664 0.424303 0 2
-0.41406 0.423553 0 2
-0.411456 0.421476 0 2
-0.408852 0.417874 0 2
-0.406248 0.412528 0 2
-0.401039 0.39559 0 2
-0.395831 0.368434 0 2
-0.385414 0.274842 0 2
-0.380206 0.208171 0 2
-0.374998 0.138529 0 2
-0.372394 0.110602 0 2
-0.371092 0.100903 0 2
-0.36979 0.0954358 0 2
-0.368487 0.0954556 0 2
-0.367185 0.102354 0 2
-0.364581 0.14254 0 2
-0.361977 0.225076 0 2
-0.359373 0.345776 0 2
-0.356769 0.464324 0 2
-0.356118 0.483112 0 2
-0.355792 0.48948 0 2
-0.355467 0.493448 0 2
-0.355141 0.49473 0 2
-0.354816 0.493051 0 2
-0.354165 0.479824 0 2
-0.352863 0.409722 0 2
-0.351561 0.287386 0 2
-0.350258 0.155997 0 2
-0.349607 0.114752 0 2
-0.349445 0.109443 0 2
-0.349282 0.106588 0 2
-0.349119 0.106391 0 2
-0.348956 0.109032 0 2
-0.348631 0.123388 0 2
-0.348305 0.150325 0 2
-0.347654 0.239717 0 2
-0.347003 0.359012 0 2
-0.346352 0.464817 0 2
-0.346027 0.493466 0 2
-0.345864 0.498268 0 2
-0.345701 0.495662 0 2
-0.345538 0.485122 0 2
-0.345376 0.466423 0 2
-0.34505 0.405625 0 2
-0.344725 0.320289 0 2
-0.344399 0.226023 0 2
-0.344074 0.146343 0 2
-0.343911 0.120516 0 2
-0.34383 0.112551 0 2
-0.343748 0.108354 0 2
-0.343585 0.112331 0 2
-0.343423 0.133782 0 2
-0.343097 0.226132 0 2
-0.342772 0.358463 0 2
-0.342446 0.471227 0 2
-0.342365 0.487614 0 2
-0.342283 0.497115 0 2
-0.342202 0.498921 0 2
-0.342121 0.492485 0 2
-0.341958 0.454394 0 2
-0.341795 0.386011 0 2
-0.341632 0.297826 0 2
-0.341469 0.207404 0 2
-0.341307 0.13695 0 2
-0.341225 0.116237 0 2
-0.341144 0.108305 0 2
-0.340981 0.135773 0 2
-0.340818 0.218386 0 2
-0.340656 0.334699 0 2
-0.340493 0.444176 0 2
-0.340412 0.481057 0 2
-0.34033 0.498645 0 2
-0.340249 0.493287 0 2
-0.340167 0.463836 0 2
-0.340005 0.344194 0 2
-0.339842 0.196027 0 2
-0.339761 0.139685 0 2
-0.339679 0.110624 0 2
-0.339598 0.116659 0 2
-0.339516 0.159706 0 2
-0.339435 0.234055 0 2
-0.339354 0.326009 0 2
-0.339272 0.415463 0 2
-0.339191 0.479725 0 2
-0.339028 0.4642 0 2
-0.338947 0.379889 0 2
-0.338865 0.268705 0 2
-0.338784 0.166316 0 2
-0.338703 0.111351 0 2
-0.338621 0.130344 0 2
-0.33854 0.222964 0 2
-0.338458 0.355053 0 2
-0.338377 0.466697 0 2
-0.338296 0.497478 0 2
-0.338214 0.421322 0 2
-0.338133 0.272408 0 2
-0.338052 0.139499 0 2
-0.33797 0.11767 0 2
-0.337889 0.236078 0 2
-0.337807 0.413721 0 2
-0.337726 0.499844 0 2
-0.337645 0.401125 0 2
-0.337563 0.199116 0 2
-0.337482 0.110504 0 2
-0.3374 0.257258 0 2
-0.337319 0.469933 0 2
-0.337238 0.446585 0 2
-0.337156 0.198433 0 2
-0.337075 0.129371 0 2
-0.336994 0.386849 0 2
-0.336912 0.476354 0 2
-0.336831 0.185554 0 2
-0.336749 0.185029 0 2
-0.336668 0.492337 0 2
-0.336587 0.261235 0 2
-0.336505 0.177249 0 2
-0.336424 0.499239 0 2
-0.336261 0.41947 0 2
-0.33618 0.224803 0 2
-0.336098 0.38847 0 2
-0.336017 0.173385 0 2
-0.335936 0.494016 0 2
-0.335854 0.152504 0 2
-0.335773 0.223153 0 2
-0.335692 0.463254 0 2
-0.33561 0.494622 0 2
-0.335529 0.477157 0 2
-0.335447 0.499922 0 2
-0.335366 0.361288 0 2
-0.335285 0.128786 0 2
-0.335203 0.430593 0 2
-0.335122 0.489054 0 2
-0.335041 0.487411 0 2
-0.334959 0.12022 0 2
-0.334878 0.120082 0 2
-0.334796 0.334834 0 2
-0.334715 0.389171 0 2
-0.334634 0.295496 0 2
-0.334552 0.198765 0 2
-0.334471 0.344833 0 2
-0.334389 0.122275 0 2
-0.334308 0.32011 0 2
-0.334227 0.462714 0 2
-0.334145 0.483455 0 2
-0.334064 0.119255 0 2
-0.334023 0.222554 0 2
-0.333983 0.174106 0 2
-0.333901 0.38559 0 2
-0.33382 0.175243 0 2
-0.333738 0.116052 0 2
-0.333657 0.15991 0 2
-0.333576 0.499999 0 2
-0.333494 0.151388 0 2
-0.333413 0.211089 0 2
-0.333332 0.35166 0 2
-0.33325 0.177748 0 2
-0.333169 0.256327 0 2
-0.333087 0.281942 0 2
-0.333006 0.36473 0 2
-0.332925 0.129613 0 2
-0.332843 0.453109 0 2
-0.332762 0.115131 0 2
-0.33268 0.188188 0 2
-0.332518 0.192198 0 2
-0.332436 0.108936 0 2
-0.332355 0.272359 0 2
-0.332274 0.498052 0 2
-0.332192 0.160273 0 2
-0.332111 0.358447 0 2
-0.332029 0.299358 0 2
-0.331948 0.31069 0 2
-0.331867 0.25218 0 2
-0.331785 0.432645 0 2
-0.331704 0.113738 0 2
-0.331623 0.468769 0 2
-0.331541 0.294639 0 2
-0.33146 0.136153 0 2
-0.331378 0.457138 0 2
-0.331297 0.385278 0 2
-0.331216 0.116531 0 2
-0.331134 0.259072 0 2
-0.331053 0.492724 0 2
-0.330972 0.378881 0 2
-0.33089 0.141203 0 2
-0.330809 0.157857 0 2
-0.330727 0.380231 0 2
-0.330646 0.499869 0 2
-0.330565 0.38519 0 2
-0.330483 0.185459 0 2
-0.330402 0.109977 0 2
-0.33032 0.215669 0 2
-0.330239 0.393652 0 2
-0.330158 0.496301 0 2
-0.330076 0.456584 0 2
-0.329995 0.315764 0 2
-0.329914 0.172026 0 2
-0.329832 0.108986 0 2
-0.329751 0.152587 0 2
-0.329669 0.27051 0 2
-0.329588 0.40052 0 2
-0.329507 0.484918 0 2
-0.329425 0.493786 0 2
-0.329344 0.430855 0 2
-0.329263 0.325099 0 2
-0.329181 0.215545 0 2
-0.3291 0.136607 0 2
-0.329018 0.108567 0 2
-0.328937 0.1346 0 2
-0.328856 0.203277 0 2
-0.328774 0.29429 0 2
-0.328693 0.384988 0 2
-0.328612 0.45592 0 2
-0.32853 0.494366 0 2
-0.328449 0.495646 0 2
-0.328286 0.403467 0 2
-0.328123 0.254512 0 2
-0.32796 0.139101 0 2
-0.327879 0.112661 0 2
-0.327798 0.110334 0 2
-0.327716 0.130608 0 2
-0.327635 0.16957 0 2
-0.327472 0.280884 0 2
-0.327309 0.396037 0 2
-0.327147 0.475487 0 2
-0.327065 0.49471 0 2
-0.326984 0.499148 0 2
-0.326903 0.489456 0 2
-0.326821 0.467229 0 2
-0.326658 0.394752 0 2
-0.326496 0.30378 0 2
-0.326333 0.216343 0 2
-0.32617 0.149599 0 2
-0.326007 0.113561 0 2
-0.325926 0.108166 0 2
-0.325845 0.110959 0 2
-0.325763 0.121357 0 2
-0.325682 0.138523 0 2
-0.325519 0.188942 0 2
-0.325194 0.32095 0 2
-0.324868 0.437361 0 2
-0.324705 0.474908 0 2
-0.324543 0.495158 0 2
-0.324461 0.498688 0 2
-0.32438 0.497975 0 2
-0.324298 0.493242 0 2
-0.324217 0.484781 0 2
-0.323892 0.421148 0 2
-0.323566 0.33025 0 2
-0.32324 0.238093 0 2
-0.322915 0.164257 0 2
-0.322589 0.119699 0 2
-0.322427 0.109586 0 2
-0.322345 0.107522 0 2
-0.322264 0.10738 0 2
-0.322101 0.112539 0 2
-0.321938 0.124294 0 2
-0.321613 0.163833 0 2
-0.320962 0.278423 0 2
-0.320311 0.392519 0 2
-0.31966 0.469506 0 2
-0.319334 0.489491 0 2
-0.319171 0.494811 0 2
-0.319009 0.49715 0 2
-0.318683 0.493524 0 2
-0.318358 0.480146 0 2
-0.317707 0.431425 0 2
-0.316405 0.295812 0 2
-0.315103 0.177876 0 2
-0.3138 0.114423 0 2
-0.313149 0.10416 0 2
-0.312498 0.106186 0 2
-0.311847 0.118326 0 2
-0.311196 0.138296 0 2
-0.309894 0.193221 0 2
-0.30729 0.318068 0 2
-0.304686 0.415753 0 2
-0.302082 0.469951 0 2
-0.30078 0.482072 0 2
-0.299478 0.485985 0 2
-0.298827 0.485319 0 2
-0.298176 0.483144 0 2
-0.297525 0.479627 0 2
-0.296874 0.474928 0 2
-0.291665 0.410447 0 2
-0.286457 0.329769 0 2
-0.281249 0.255373 0 2
-0.270832 0.145676 0 2
-0.260415 0.0808453 0 2
-0.249999 0.0443174 0 2
-0.244791 0.0326875 0 2
-0.239582 0.0240401 0 2
-0.234374 0.0176199 0 2
-0.229166 0.0128608 0 2
-0.218749 0.00674063 0 2
-0.208333 0.00342476 0 2
-0.187499 0.000732243 0 2
-0.166666 3.5882e-05 0 2
-0.145833 -0.000115573 0 2
-0.125 -0.000139952 0 2
-0.104167 -0.000142246 0 2
-0.0833336 -0.000142276 0 2
-0.0625004 -0.000142276 0 2
-0.0416673 -0.000142336 0 2
-0.0208341 -0.000144243 0 2
-9.53674e-07 -0.000165701 0 2
0.0208322 -0.000302404 0 2
0.0416654 -0.000939786 0 2
0.0520819 -0.00179026 0 2
0.0624985 -0.00342456 0 2
0.0729151 -0.00649509 0 2
0.0781234 -0.00890481 0 2
0.0833317 -0.0121716 0 2
0.08854 -0.0165893 0 2
0.0937483 -0.0225515 0 2
0.104165 -0.0413933 0 2
0.114581 -0.0753706 0 2
0.124998 -0.135845 0 2
0.130206 -0.181085 0 2
0.135415 -0.239156 0 2
0.140623 -0.310607 0 2
0.145831 -0.390987 0 2
0.151039 -0.462983 0 2
0.152342 -0.475308 0 2
0.152993 -0.479987 0 2
0.153644 -0.483481 0 2
0.154295 -0.48563 0 2
0.154946 -0.486266 0 2
0.156248 -0.482285 0 2
0.158852 -0.448255 0 2
0.161456 -0.371944 0 2
0.16406 -0.256175 0 2
0.165362 -0.192948 0 2
0.166664 -0.138159 0 2
0.167315 -0.118312 0 2
0.167641 -0.111198 0 2
0.167966 -0.106336 0 2
0.168292 -0.104015 0 2
0.168455 -0.103896 0 2
0.168617 -0.104516 0 2
0.168943 -0.108104 0 2
0.169268 -0.115021 0 2
0.170571 -0.179012 0 2
0.171873 -0.297347 0 2
0.173175 -0.432794 0 2
0.173826 -0.48107 0 2
0.174151 -0.494123 0 2
0.174314 -0.497073 0 2
0.174477 -0.497362 0 2
0.17464 -0.49481 0 2
0.174802 -0.489267 0 2
0.175128 -0.468822 0 2
0.175779 -0.390982 0 2
0.17643 -0.276469 0 2
0.177081 -0.162369 0 2
0.177406 -0.123517 0 2
0.177569 -0.112213 0 2
0.177732 -0.107569 0 2
0.177895 -0.110336 0 2
0.178057 -0.12104 0 2
0.178383 -0.166762 0 2
0.178708 -0.241512 0 2
0.179034 -0.334018 0 2
0.17936 -0.424402 0 2
0.179685 -0.48652 0 2
0.179766 -0.494457 0 2
0.179848 -0.49862 0 2
0.179929 -0.498726 0 2
0.180011 -0.494563 0 2
0.180173 -0.473024 0 2
0.180336 -0.434271 0 2
0.180662 -0.316325 0 2
0.180987 -0.184971 0 2
0.18115 -0.135917 0 2
0.181231 -0.11968 0 2
0.181313 -0.110345 0 2
0.181394 -0.108717 0 2
0.181475 -0.115339 0 2
0.181638 -0.153793 0 2
0.181801 -0.222477 0 2
0.181964 -0.310831 0 2
0.182126 -0.401233 0 2
0.182208 -0.440317 0 2
0.182289 -0.471457 0 2
0.182371 -0.491983 0 2
0.182452 -0.499693 0 2
0.182533 -0.493112 0 2
0.182615 -0.471744 0 2
0.182777 -0.388747 0 2
0.18294 -0.272342 0 2
0.183103 -0.163202 0 2
0.183184 -0.126654 0 2
0.183266 -0.109483 0 2
0.183347 -0.115303 0 2
0.183429 -0.14521 0 2
0.183591 -0.265491 0 2
0.183754 -0.413567 0 2
0.183835 -0.469527 0 2
0.183917 -0.498025 0 2
0.183998 -0.491333 0 2
0.18408 -0.447661 0 2
0.184161 -0.372865 0 2
0.184242 -0.280783 0 2
0.184324 -0.191606 0 2
0.184405 -0.128025 0 2
0.184486 -0.109467 0 2
0.184568 -0.145535 0 2
0.184649 -0.230606 0 2
0.184731 -0.341996 0 2
0.184812 -0.443872 0 2
0.184853 -0.478902 0 2
0.184893 -0.497682 0 2
0.184975 -0.477261 0 2
0.185056 -0.383532 0 2
0.185137 -0.251247 0 2
0.185219 -0.140605 0 2
0.1853 -0.111715 0 2
0.185382 -0.189721 0 2
0.185463 -0.33927 0 2
0.185544 -0.470932 0 2
0.185626 -0.490172 0 2
0.185707 -0.369637 0 2
0.185789 -0.192275 0 2
0.18587 -0.10911 0 2
0.185951 -0.211063 0 2
0.186033 -0.413099 0 2
0.186114 -0.497801 0 2
0.186195 -0.347415 0 2
0.186277 -0.136606 0 2
0.186358 -0.165713 0 2
0.18644 -0.41476 0 2
0.186521 -0.477139 0 2
0.186602 -0.217034 0 2
0.186684 -0.13557 0 2
0.186765 -0.42843 0 2
0.186846 -0.418575 0 2
0.186887 -0.239825 0 2
0.186928 -0.114833 0 2
0.187009 -0.355218 0 2
0.187091 -0.425485 0 2
0.187172 -0.110759 0 2
0.187335 -0.181608 0 2
0.187416 -0.39408 0 2
0.187497 -0.210157 0 2
0.187579 -0.444903 0 2
0.18766 -0.11216 0 2
0.187742 -0.446583 0 2
0.187823 -0.400829 0 2
0.187904 -0.157295 0 2
0.187986 -0.110799 0 2
0.188067 -0.122504 0 2
0.188148 -0.110136 0 2
0.18823 -0.275941 0 2
0.188311 -0.463545 0 2
0.188393 -0.209511 0 2
0.188474 -0.110388 0 2
0.188555 -0.145968 0 2
0.188637 -0.459781 0 2
0.188718 -0.45183 0 2
0.1888 -0.364928 0 2
0.188881 -0.135797 0 2
0.188962 -0.173877 0 2
0.189044 -0.212204 0 2
0.189125 -0.112194 0 2
0.189206 -0.120761 0 2
0.189288 -0.49319 0 2
0.189369 -0.363408 0 2
0.189451 -0.184838 0 2
0.189532 -0.223367 0 2
0.189613 -0.496358 0 2
0.189695 -0.24669 0 2
0.189776 -0.109269 0 2
0.189857 -0.145253 0 2
0.189939 -0.452692 0 2
0.19002 -0.198511 0 2
0.190102 -0.334326 0 2
0.190183 -0.476383 0 2
0.190264 -0.179071 0 2
0.190346 -0.476567 0 2
0.190427 -0.407506 0 2
0.190509 -0.277224 0 2
0.19059 -0.20551 0 2
0.190671 -0.459996 0 2
0.190753 -0.178854 0 2
0.190834 -0.499123 0 2
0.190915 -0.39989 0 2
0.190997 -0.336038 0 2
0.191078 -0.399916 0 2
0.19116 -0.498787 0 2
0.191241 -0.35286 0 2
0.191322 -0.109523 0 2
0.191404 -0.439203 0 2
0.191485 -0.262872 0 2
0.191566 -0.298106 0 2
0.191648 -0.309139 0 2
0.191729 -0.347217 0 2
0.191892 -0.493199 0 2
0.191973 -0.136037 0 2
0.192055 -0.321945 0 2
0.192136 -0.469135 0 2
0.192217 -0.147793 0 2
0.192299 -0.229496 0 2
0.19238 -0.49403 0 2
0.192462 -0.344426 0 2
0.192543 -0.114884 0 2
0.192624 -0.23476 0 2
0.192706 -0.470332 0 2
0.192787 -0.448018 0 2
0.192869 -0.224713 0 2
0.19295 -0.109135 0 2
0.193031 -0.227304 0 2
0.193113 -0.426384 0 2
0.193194 -0.498444 0 2
0.193275 -0.390096 0 2
0.193357 -0.21226 0 2
0.193438 -0.111944 0 2
0.19352 -0.15414 0 2
0.193601 -0.295934 0 2
0.193682 -0.438797 0 2
0.193764 -0.499906 0 2
0.193845 -0.454498 0 2
0.193926 -0.335745 0 2
0.194008 -0.206093 0 2
0.194089 -0.122891 0 2
0.194171 -0.115445 0 2
0.194252 -0.179454 0 2
0.194333 -0.285615 0 2
0.194415 -0.394867 0 2
0.194496 -0.472988 0 2
0.194578 -0.499999 0 2
0.194659 -0.473029 0 2
0.19474 -0.403725 0 2
0.194822 -0.312497 0 2
0.194903 -0.221981 0 2
0.194984 -0.15153 0 2
0.195066 -0.113723 0 2
0.195147 -0.113095 0 2
0.19531 -0.206163 0 2
0.195473 -0.355147 0 2
0.195635 -0.469881 0 2
0.195717 -0.495861 0 2
0.195798 -0.49773 0 2
0.19588 -0.477048 0 2
0.195961 -0.437768 0 2
0.196124 -0.32615 0 2
0.196286 -0.211116 0 2
0.196449 -0.132063 0 2
0.196531 -0.113082 0 2
0.196612 -0.108884 0 2
0.196693 -0.118794 0 2
0.196775 -0.141201 0 2
0.196938 -0.213894 0 2
0.1971 -0.30487 0 2
0.197263 -0.392127 0 2
0.197426 -0.458562 0 2
0.197507 -0.480571 0 2
0.197589 -0.494235 0 2
0.19767 -0.499446 0 2
0.197751 -0.496476 0 2
0.197833 -0.485914 0 2
0.197914 -0.468601 0 2
0.19824 -0.353822 0 2
0.198565 -0.222076 0 2
0.198891 -0.131905 0 2
0.199053 -0.111742 0 2
0.199135 -0.108254 0 2
0.199216 -0.109005 0 2
0.199297 -0.113771 0 2
0.199379 -0.122259 0 2
0.199542 -0.148965 0 2
0.199867 -0.229653 0 2
0.200193 -0.323965 0 2
0.200518 -0.408627 0 2
0.200844 -0.468348 0 2
0.201006 -0.486451 0 2
0.201088 -0.492437 0 2
0.201169 -0.496401 0 2
0.201332 -0.498445 0 2
0.201495 -0.49313 0 2
0.20182 -0.463648 0 2
0.202471 -0.357071 0 2
0.203122 -0.238011 0 2
0.203773 -0.149405 0 2
0.204099 -0.122929 0 2
0.204262 -0.114431 0 2
0.204424 -0.109024 0 2
0.204587 -0.106596 0 2
0.20475 -0.106993 0 2
0.204913 -0.110034 0 2
0.205075 -0.115514 0 2
0.205727 -0.157272 0 2
0.207029 -0.288932 0 2
0.208331 -0.410912 0 2
0.209633 -0.480475 0 2
0.210284 -0.493452 0 2
0.210609 -0.495018 0 2
0.210935 -0.493633 0 2
0.211586 -0.483123 0 2
0.212237 -0.464201 0 2
0.213539 -0.409809 0 2
0.216143 -0.281704 0 2
0.218747 -0.178169 0 2
0.221351 -0.117693 0 2
0.222653 -0.10254 0 2
0.223956 -0.0957112 0 2
0.225258 -0.0957474 0 2
0.22656 -0.101258 0 2
0.227862 -0.110991 0 2
0.229164 -0.123862 0 2
0.234372 -0.190787 0 2
0.23958 -0.259627 0 2
0.249997 -0.360137 0 2
0.255205 -0.390192 0 2
0.260414 -0.409442 0 2
0.263018 -0.415743 0 2
0.265622 -0.42018 0 2
0.268226 -0.422986 0 2
0.27083 -0.424371 0 2
0.276038 -0.423591 0 2
0.281247 -0.419069 0 2
0.286455 -0.411745 0 2
0.291663 -0.402337 0 2
0.312496 -0.352993 0 2
0.33333 -0.296614 0 2
0.354163 -0.240007 0 2
0.374996 -0.18527 0 2
0.395829 -0.132742 0 2
0.416662 -0.0820704 0 2
0.437495 -0.032631 0 2
0.458329 0.0163054 0 2
0.479162 0.0654974 0 2
0.499995 0.115689 0 2
