-12 -63.2676 12 27.2399
0.0416666 0.0103859
-2.98023e-08 0.187089
5 20
0.208333 0.207718
1
109
82 69 3
-0.499999 0.199033 0 2
-0.498697 0.0726399 0 2
-0.497395 -0.0404892 0 2
-0.496093 -0.140323 0 2
-0.494791 -0.226984 0 2
-0.492187 -0.361935 0 2
-0.489582 -0.448754 0 2
-0.48828 -0.475584 0 2
-0.486978 -0.492284 0 2
-0.486327 -0.497069 0 2
-0.485676 -0.499608 0 2
-0.485025 -0.499999 0 2
-0.4847 -0.49942 0 2
-0.484374 -0.498343 0 2
-0.483072 -0.4893 0 2
-0.48177 -0.473299 0 2
-0.479166 -0.423706 0 2
-0.476562 -0.355994 0 2
-0.473957 -0.276225 0 2
-0.471353 -0.189899 0 2
-0.468749 -0.101827 0 2
-0.466145 -0.0160525 0 2
-0.463541 0.0641864 0 2
-0.460937 0.136446 0 2
-0.458332 0.199042 0 2
-0.453124 0.29191 0 2
-0.45052 0.321963 0 2
-0.447916 0.341727 0 2
-0.446614 0.348025 0 2
-0.445312 0.352113 0 2
-0.44401 0.354142 0 2
-0.443359 0.354433 0 2
-0.442707 0.354269 0 2
-0.440103 0.349488 0 2
-0.437499 0.339133 0 2
-0.427083 0.268208 0 2
-0.416666 0.199082 0 2
-0.411458 0.177037 0 2
-0.408853 0.169742 0 2
-0.406249 0.164837 0 2
-0.403645 0.162142 0 2
-0.401041 0.161417 0 2
-0.398437 0.162379 0 2
-0.395833 0.164722 0 2
-0.390624 0.172303 0 2
-0.385416 0.181797 0 2
-0.380208 0.19124 0 2
-0.374999 0.199245 0 2
-0.372395 0.202441 0 2
-0.369791 0.205032 0 2
-0.367187 0.207003 0 2
-0.364583 0.20837 0 2
-0.359374 0.209454 0 2
-0.354166 0.208756 0 2
-0.348958 0.206881 0 2
-0.343749 0.20444 0 2
-0.333333 0.19985 0 2
-0.328124 0.198338 0 2
-0.322916 0.197522 0 2
-0.317708 0.197375 0 2
-0.312499 0.197787 0 2
-0.302083 0.199646 0 2
-0.291666 0.201865 0 2
-0.270833 0.205023 0 2
-0.25 0.207785 0 2
-0.229166 0.213365 0 2
-0.208333 0.222874 0 2
-0.1875 0.236556 0 2
-0.166666 0.255471 0 2
-0.145833 0.280909 0 2
-0.125 0.313178 0 2
-0.104166 0.351185 0 2
-0.0833332 0.392447 0 2
-0.0624999 0.433062 0 2
-0.0416666 0.467911 0 2
-0.0312499 0.481459 0 2
-0.0208333 0.491603 0 2
-0.015625 0.495248 0 2
-0.0104167 0.497881 0 2
-0.00520834 0.499471 0 2
-2.98023e-08 0.499999 0 2
0.00520831 0.499461 0 2
0.0104166 0.497862 0 2
0.0156249 0.495224 0 2
0.0208333 0.491577 0 2
0.0312499 0.481439 0 2
0.0416666 0.467911 0 2
0.0624999 0.433094 0 2
0.0833331 0.392447 0 2
0.104166 0.351139 0 2
0.125 0.313178 0 2
0.145833 0.280986 0 2
0.166666 0.255471 0 2
0.1875 0.236402 0 2
0.208333 0.222874 0 2
0.229166 0.21372 0 2
0.25 0.207785 0 2
0.270833 0.204087 0 2
0.291666 0.201865 0 2
0.312499 0.200575 0 2
0.333333 0.19985 0 2
0.354166 0.199455 0 2
0.374999 0.199245 0 2
0.395833 0.199136 0 2
0.416666 0.199082 0 2
0.437499 0.199055 0 2
0.458332 0.199042 0 2
0.479166 0.199036 0 2
0.499999 0.199033 0 2
