-1 -0.999967 1 0.999967
0.499999 0.470016
0 -4.55379e-09
0.2 0.2
0.0999998 0.0940031
1
689
82 69 3
-0.499999 -0.420749 0 2
-0.479166 -0.432094 0 2
-0.458332 -0.443538 0 2
-0.437499 -0.454927 0 2
-0.416666 -0.466035 0 2
-0.395833 -0.476542 0 2
-0.374999 -0.485985 0 2
-0.354166 -0.493707 0 2
-0.333333 -0.498764 0 2
-0.322916 -0.499891 0 2
-0.312499 -0.499803 0 2
-0.302083 -0.498238 0 2
-0.291666 -0.494878 0 2
-0.281249 -0.489344 0 2
-0.270833 -0.48118 0 2
-0.260416 -0.469838 0 2
-0.25 -0.454664 0 2
-0.229166 -0.409545 0 2
-0.208333 -0.337743 0 2
-0.1875 -0.228644 0 2
-0.177083 -0.156369 0 2
-0.166666 -0.0705623 0 2
-0.15625 0.029188 0 2
-0.145833 0.141533 0 2
-0.135416 0.261657 0 2
-0.125 0.378414 0 2
-0.114583 0.469916 0 2
-0.111979 0.484808 0 2
-0.110677 0.490565 0 2
-0.109375 0.495057 0 2
-0.108073 0.498174 0 2
-0.106771 0.4998 0 2
-0.105469 0.499816 0 2
-0.104818 0.499182 0 2
-0.104166 0.498099 0 2
-0.102864 0.494523 0 2
-0.101562 0.48896 0 2
-0.0989582 0.471353 0 2
-0.0937498 0.406678 0 2
-0.0885415 0.297052 0 2
-0.0859374 0.224221 0 2
-0.0833332 0.139712 0 2
-0.080729 0.04476 0 2
-0.0781249 -0.0582765 0 2
-0.0755207 -0.165572 0 2
-0.0729165 -0.271489 0 2
-0.0703124 -0.368277 0 2
-0.0677082 -0.445942 0 2
-0.0664061 -0.47391 0 2
-0.065104 -0.492468 0 2
-0.063802 -0.499942 0 2
-0.0624999 -0.494696 0 2
-0.0598957 -0.440273 0 2
-0.0585936 -0.389003 0 2
-0.0572915 -0.321164 0 2
-0.0559895 -0.237324 0 2
-0.0546874 -0.139105 0 2
-0.0533853 -0.0294461 0 2
-0.0520833 0.0871664 0 2
-0.0507812 0.204515 0 2
-0.0494791 0.314596 0 2
-0.048177 0.407766 0 2
-0.0468749 0.473214 0 2
-0.0462239 0.492057 0 2
-0.0455728 0.499871 0 2
-0.0449218 0.495477 0 2
-0.0442708 0.477899 0 2
-0.0429687 0.400825 0 2
-0.0423176 0.341191 0 2
-0.0416666 0.268295 0 2
-0.0410155 0.183559 0 2
-0.0403645 0.0891606 0 2
-0.0397134 -0.0118959 0 2
-0.0390624 -0.115759 0 2
-0.0384114 -0.21775 0 2
-0.0377603 -0.312462 0 2
-0.0364583 -0.45597 0 2
-0.0358072 -0.492507 0 2
-0.0354817 -0.499501 0 2
-0.0351562 -0.498209 0 2
-0.0348307 -0.488185 0 2
-0.0345052 -0.469116 0 2
-0.0338541 -0.403418 0 2
-0.0332031 -0.302261 0 2
-0.032552 -0.170498 0 2
-0.031901 -0.0172441 0 2
-0.0312499 0.143956 0 2
-0.0305989 0.295576 0 2
-0.0299478 0.417392 0 2
-0.0292968 0.488813 0 2
-0.0291341 0.496613 0 2
-0.0289713 0.499913 0 2
-0.0288085 0.498528 0 2
-0.0286458 0.492311 0 2
-0.0283203 0.46501 0 2
-0.0279947 0.417777 0 2
-0.0276692 0.351284 0 2
-0.0273437 0.267228 0 2
-0.0270182 0.168413 0 2
-0.0266927 0.05879 0 2
-0.0263671 -0.0565839 0 2
-0.0260416 -0.171663 0 2
-0.0257161 -0.279635 0 2
-0.0253906 -0.373251 0 2
-0.025065 -0.445277 0 2
-0.0247395 -0.48905 0 2
-0.0246581 -0.494904 0 2
-0.0245768 -0.498574 0 2
-0.0244954 -0.499999 0 2
-0.024414 -0.499127 0 2
-0.0242513 -0.490336 0 2
-0.0240885 -0.47199 0 2
-0.023763 -0.406737 0 2
-0.0234375 -0.305705 0 2
-0.0231119 -0.1749 0 2
-0.0227864 -0.0241371 0 2
-0.0224609 0.133236 0 2
-0.0221354 0.281127 0 2
-0.0218099 0.402083 0 2
-0.0214843 0.47925 0 2
-0.0213216 0.496908 0 2
-0.0212402 0.499899 0 2
-0.0211588 0.498833 0 2
-0.0210775 0.493625 0 2
-0.0209961 0.484223 0 2
-0.0208333 0.452804 0 2
-0.0205078 0.341485 0 2
-0.020345 0.26422 0 2
-0.0201823 0.175463 0 2
-0.0200195 0.0782455 0 2
-0.0198568 -0.0237851 0 2
-0.019694 -0.12646 0 2
-0.0195312 -0.225228 0 2
-0.0193685 -0.315333 0 2
-0.0192057 -0.392036 0 2
-0.0190429 -0.450861 0 2
-0.0188802 -0.48788 0 2
-0.0187988 -0.497203 0 2
-0.0187174 -0.499994 0 2
-0.018636 -0.496043 0 2
-0.0185547 -0.485226 0 2
-0.0183919 -0.442979 0 2
-0.0182291 -0.374251 0 2
-0.0180664 -0.281777 0 2
-0.0179036 -0.170073 0 2
-0.0177408 -0.0453629 0 2
-0.0175781 0.0846485 0 2
-0.0174153 0.211141 0 2
-0.0172526 0.324712 0 2
-0.0169271 0.476688 0 2
-0.0168457 0.49331 0 2
-0.0167643 0.499918 0 2
-0.0166829 0.496078 0 2
-0.0166015 0.481564 0 2
-0.0164388 0.420773 0 2
-0.016276 0.320559 0 2
-0.0161133 0.188075 0 2
-0.0159505 0.0344677 0 2
-0.0157877 -0.125728 0 2
-0.015625 -0.275723 0 2
-0.0154622 -0.398091 0 2
-0.0152994 -0.476808 0 2
-0.0152181 -0.495725 0 2
-0.0151367 -0.499498 0 2
-0.0150553 -0.487515 0 2
-0.0149739 -0.459649 0 2
-0.0148112 -0.358438 0 2
-0.0147298 -0.287577 0 2
-0.0146484 -0.205796 0 2
-0.014567 -0.115694 0 2
-0.0144857 -0.0203277 0 2
-0.0144043 0.0768692 0 2
-0.0143229 0.172193 0 2
-0.0142415 0.261801 0 2
-0.0141601 0.341863 0 2
-0.0139974 0.459095 0 2
-0.013916 0.490199 0 2
-0.0138346 0.499975 0 2
-0.0137532 0.487221 0 2
-0.0136718 0.451726 0 2
-0.0135905 0.394364 0 2
-0.0135091 0.317146 0 2
-0.0134277 0.223212 0 2
-0.0133463 0.116764 0 2
-0.013265 0.00293028 0 2
-0.0131836 -0.112441 0 2
-0.0131022 -0.223047 0 2
-0.0130208 -0.322459 0 2
-0.012858 -0.463634 0 2
-0.0127767 -0.495389 0 2
-0.0126953 -0.496731 0 2
-0.0126139 -0.466396 0 2
-0.0125325 -0.405145 0 2
-0.0124511 -0.315898 0 2
-0.0123698 -0.203728 0 2
-0.0122884 -0.0756918 0 2
-0.012207 0.0595084 0 2
-0.0121256 0.192039 0 2
-0.0120443 0.311603 0 2
-0.0119629 0.408232 0 2
-0.0118815 0.473149 0 2
-0.0118001 0.499635 0 2
-0.0117187 0.483827 0 2
-0.0116373 0.42535 0 2
-0.011556 0.327703 0 2
-0.0114746 0.198315 0 2
-0.0113932 0.048218 0 2
-0.0113118 -0.1087 0 2
-0.0112304 -0.256837 0 2
-0.011149 -0.380372 0 2
-0.0110677 -0.464971 0 2
-0.0109863 -0.499576 0 2
-0.0109049 -0.47803 0 2
-0.0108235 -0.400345 0 2
-0.0107422 -0.273366 0 2
-0.0106608 -0.110643 0 2
-0.0105794 0.0686095 0 2
-0.010498 0.241482 0 2
-0.0104166 0.38414 0 2
-0.0103353 0.475145 0 2
-0.0102539 0.498887 0 2
-0.0101725 0.448636 0 2
-0.0100911 0.32861 0 2
-0.0100097 0.154563 0 2
-0.00992835 -0.0475164 0 2
-0.00984699 -0.244697 0 2
-0.0097656 -0.40217 0 2
-0.00968421 -0.489442 0 2
-0.00960284 -0.486676 0 2
-0.00952145 -0.389884 0 2
-0.00944006 -0.213681 0 2
-0.0093587 0.00950569 0 2
-0.00927731 0.234289 0 2
-0.00919592 0.410926 0 2
-0.00911456 0.496377 0 2
-0.00903317 0.465547 0 2
-0.00895178 0.319866 0 2
-0.00887042 0.0903517 0 2
-0.00878903 -0.166853 0 2
-0.00870764 -0.382787 0 2
-0.00862628 -0.493851 0 2
-0.00854489 -0.461548 0 2
-0.0084635 -0.287809 0 2
-0.00838214 -0.0198829 0 2
-0.00830075 0.259232 0 2
-0.00821936 0.454629 0 2
-0.008138 0.492033 0 2
-0.00805661 0.348527 0 2
-0.00797522 0.0687714 0 2
-0.00789386 -0.243378 0 2
-0.0078125 -0.460028 0 2
-0.00773111 -0.481763 0 2
-0.00764975 -0.287157 0 2
-0.00756836 0.0454738 0 2
-0.00748697 0.361867 0 2
-0.00740561 0.499824 0 2
-0.00732422 0.375115 0 2
-0.00724283 0.0406218 0 2
-0.00716147 -0.32332 0 2
-0.00708008 -0.498956 0 2
-0.00699869 -0.363796 0 2
-0.00691733 0.01286 0 2
-0.00683594 0.387358 0 2
-0.00675455 0.490378 0 2
-0.00667319 0.227072 0 2
-0.0065918 -0.219122 0 2
-0.00651041 -0.492891 0 2
-0.00642905 -0.34724 0 2
-0.00634766 0.113708 0 2
-0.00626627 0.474884 0 2
-0.00618491 0.372102 0 2
-0.00610352 -0.118171 0 2
-0.00602213 -0.487393 0 2
-0.00594077 -0.306022 0 2
-0.00585938 0.244242 0 2
-0.00577798 0.495025 0 2
-0.00569662 0.0959866 0 2
-0.00561523 -0.44073 0 2
-0.00553384 -0.342016 0 2
-0.00545248 0.28039 0 2
-0.00537109 0.45779 0 2
-0.0052897 -0.135921 0 2
-0.00520834 -0.49181 0 2
-0.00512695 0.0670186 0 2
-0.00504556 0.495359 0 2
-0.0049642 -0.0946027 0 2
-0.00488281 -0.477944 0 2
-0.00480142 0.223341 0 2
-0.00472006 0.386373 0 2
-0.00463867 -0.413955 0 2
-0.00455728 -0.119563 0 2
-0.00447592 0.491708 0 2
-0.00439453 -0.314579 0 2
-0.00431314 -0.154628 0 2
-0.00423178 0.470702 0 2
-0.00415039 -0.443344 0 2
-0.004069 0.175154 0 2
-0.00398764 0.136236 0 2
-0.00390625 -0.360531 0 2
-0.00382486 0.470162 0 2
-0.0037435 -0.499452 0 2
-0.00358072 -0.493266 0 2
-0.00349936 0.499154 0 2
-0.00341797 -0.489884 0 2
-0.00333658 0.404613 0 2
-0.00325522 -0.165825 0 2
-0.00317383 -0.221457 0 2
-0.00309244 0.497114 0 2
-0.00301108 -0.217651 0 2
-0.00292969 -0.426242 0 2
-0.0028483 0.188403 0 2
-0.00276694 0.498983 0 2
-0.00268555 0.368252 0 2
-0.00260416 0.177475 0 2
-0.0025228 0.134917 0 2
-0.00244141 0.280875 0 2
-0.00236002 0.490498 0 2
-0.00227866 0.232189 0 2
-0.00219727 -0.489041 0 2
-0.00211588 0.317601 0 2
-0.00203452 -0.328111 0 2
-0.00195312 0.499621 0 2
-0.00187173 0.0474597 0 2
-0.00179037 -0.161563 0 2
-0.00170898 0.19624 0 2
-0.00162759 0.312881 0 2
-0.00154623 -0.106981 0 2
-0.00146484 -0.445679 0 2
-0.00138345 0.0641298 0 2
-0.00130209 -0.331839 0 2
-0.0012207 -0.464747 0 2
-0.00113931 0.411274 0 2
-0.00105795 -0.490607 0 2
-0.000976562 -0.0397606 0 2
-0.000895172 0.305793 0 2
-0.000813812 0.488113 0 2
-0.000732422 0.404105 0 2
-0.000651032 -0.496456 0 2
-0.000569671 0.467812 0 2
-0.000488281 0.0792693 0 2
-0.000406891 0.211742 0 2
-0.000325531 -0.118276 0 2
-0.000244141 0.156534 0 2
-0.00016275 0.229839 0 2
-8.13901e-05 0.408237 0 2
0 -0.441728 0 2
8.13603e-05 -0.408237 0 2
0.00016278 -0.229839 0 2
0.000244141 -0.156534 0 2
0.000325501 0.118276 0 2
0.000406921 -0.211742 0 2
0.000488281 -0.0792693 0 2
0.000569642 -0.467812 0 2
0.000651062 0.496457 0 2
0.000732422 -0.404105 0 2
0.000813782 -0.488113 0 2
0.000895202 -0.305793 0 2
0.000976562 0.0397606 0 2
0.00105792 0.490607 0 2
0.00113934 -0.411274 0 2
0.0012207 0.464747 0 2
0.00130206 0.331839 0 2
0.00138348 -0.0641298 0 2
0.00146484 0.445679 0 2
0.0015462 0.106981 0 2
0.00162762 -0.312881 0 2
0.00170898 -0.19624 0 2
0.00179034 0.161563 0 2
0.00187176 -0.0474596 0 2
0.00195312 -0.499621 0 2
0.00203449 0.328111 0 2
0.00211591 -0.317601 0 2
0.00219727 0.489041 0 2
0.00227863 -0.232189 0 2
0.00236005 -0.490498 0 2
0.00244141 -0.280875 0 2
0.00252277 -0.134917 0 2
0.00260419 -0.177475 0 2
0.00268555 -0.368252 0 2
0.00276691 -0.498983 0 2
0.00284833 -0.188403 0 2
0.00292969 0.426242 0 2
0.00301105 0.217651 0 2
0.00309247 -0.497114 0 2
0.00317383 0.221457 0 2
0.00325519 0.165825 0 2
0.00333661 -0.404613 0 2
0.00341797 0.489884 0 2
0.00349933 -0.499154 0 2
0.00358075 0.493266 0 2
0.00366211 -0.496056 0 2
0.00374347 0.499452 0 2
0.00382489 -0.470162 0 2
0.00390625 0.360531 0 2
0.00398761 -0.136236 0 2
0.00406903 -0.175154 0 2
0.00415039 0.443344 0 2
0.00423175 -0.470702 0 2
0.00431317 0.154628 0 2
0.00439453 0.314579 0 2
0.00447589 -0.491708 0 2
0.00455731 0.119563 0 2
0.00463867 0.413956 0 2
0.00472003 -0.386373 0 2
0.00480145 -0.223341 0 2
0.00488281 0.477944 0 2
0.00496417 0.0946028 0 2
0.00504559 -0.495358 0 2
0.00512695 -0.0670185 0 2
0.00520831 0.49181 0 2
0.00528973 0.135921 0 2
0.00537109 -0.45779 0 2
0.00545245 -0.28039 0 2
0.00553387 0.342017 0 2
0.00561523 0.44073 0 2
0.00569659 -0.0959865 0 2
0.00577801 -0.495025 0 2
0.00585938 -0.244241 0 2
0.00594074 0.306022 0 2
0.00602216 0.487393 0 2
0.00610352 0.118171 0 2
0.00618488 -0.372101 0 2
0.0062663 -0.474884 0 2
0.00634766 -0.113707 0 2
0.00642902 0.34724 0 2
0.00651044 0.492892 0 2
0.0065918 0.219122 0 2
0.00667316 -0.227072 0 2
0.00675458 -0.490378 0 2
0.00683594 -0.387358 0 2
0.0069173 -0.0128599 0 2
0.00699872 0.363796 0 2
0.00708008 0.498956 0 2
0.00716144 0.32332 0 2
0.00724286 -0.0406218 0 2
0.00732422 -0.375115 0 2
0.00740558 -0.499824 0 2
0.007487 -0.361867 0 2
0.00756836 -0.0454738 0 2
0.00764972 0.287157 0 2
0.00773114 0.481763 0 2
0.0078125 0.460028 0 2
0.00789386 0.243378 0 2
0.00797528 -0.0687713 0 2
0.00805664 -0.348527 0 2
0.008138 -0.492033 0 2
0.00821942 -0.454628 0 2
0.00830078 -0.259232 0 2
0.00838214 0.0198829 0 2
0.00846356 0.287809 0 2
0.00854492 0.461548 0 2
0.00862628 0.493851 0 2
0.0087077 0.382787 0 2
0.00878906 0.166853 0 2
0.00887042 -0.0903516 0 2
0.00895184 -0.319866 0 2
0.0090332 -0.465547 0 2
0.00911456 -0.496377 0 2
0.00919598 -0.410926 0 2
0.00927734 -0.234289 0 2
0.0093587 -0.00950566 0 2
0.00944012 0.213681 0 2
0.00952148 0.389884 0 2
0.00960284 0.486676 0 2
0.00968426 0.489442 0 2
0.00976562 0.40217 0 2
0.00984699 0.244698 0 2
0.00992841 0.0475165 0 2
0.0100098 -0.154563 0 2
0.0100911 -0.32861 0 2
0.0101725 -0.448636 0 2
0.0102539 -0.498887 0 2
0.0103353 -0.475145 0 2
0.0104167 -0.38414 0 2
0.010498 -0.241482 0 2
0.0105794 -0.0686094 0 2
0.0106608 0.110644 0 2
0.0107422 0.273366 0 2
0.0108235 0.400345 0 2
0.010905 0.47803 0 2
0.0109863 0.499576 0 2
0.0110677 0.464972 0 2
0.0111491 0.380372 0 2
0.0112305 0.256837 0 2
0.0113118 0.1087 0 2
0.0113932 -0.048218 0 2
0.0114746 -0.198315 0 2
0.011556 -0.327703 0 2
0.0116374 -0.42535 0 2
0.0117188 -0.483827 0 2
0.0118815 -0.473149 0 2
0.0119629 -0.408232 0 2
0.0120443 -0.311603 0 2
0.0121257 -0.192039 0 2
0.012207 -0.0595084 0 2
0.0122884 0.0756918 0 2
0.0123698 0.203728 0 2
0.0124512 0.315898 0 2
0.0125325 0.405145 0 2
0.012614 0.466396 0 2
0.0126953 0.496731 0 2
0.0127767 0.495389 0 2
0.0128581 0.463634 0 2
0.0129395 0.404499 0 2
0.0130208 0.322459 0 2
0.0131022 0.223047 0 2
0.0131836 0.112441 0 2
0.013265 -0.00293019 0 2
0.0133464 -0.116764 0 2
0.0134277 -0.223212 0 2
0.0135091 -0.317145 0 2
0.0136719 -0.451726 0 2
0.0137532 -0.487221 0 2
0.0138347 -0.499975 0 2
0.013916 -0.490199 0 2
0.0139974 -0.459095 0 2
0.0140788 -0.408728 0 2
0.0141602 -0.341863 0 2
0.0142415 -0.261801 0 2
0.0143229 -0.172193 0 2
0.0144043 -0.0768691 0 2
0.0144857 0.0203277 0 2
0.0145671 0.115694 0 2
0.0146484 0.205796 0 2
0.0148112 0.358438 0 2
0.0149739 0.459649 0 2
0.0150554 0.487515 0 2
0.0151367 0.499498 0 2
0.0152181 0.495725 0 2
0.0152995 0.476808 0 2
0.0154622 0.398091 0 2
0.0156249 0.275723 0 2
0.0157877 0.125728 0 2
0.0159504 -0.0344677 0 2
0.0161132 -0.188075 0 2
0.016276 -0.320559 0 2
0.0164387 -0.420772 0 2
0.0166015 -0.481564 0 2
0.0166829 -0.496078 0 2
0.0167643 -0.499918 0 2
0.0168456 -0.49331 0 2
0.016927 -0.476688 0 2
0.0170898 -0.416043 0 2
0.0172526 -0.324712 0 2
0.0174153 -0.211141 0 2
0.0175781 -0.0846485 0 2
0.0177408 0.0453629 0 2
0.0179036 0.170074 0 2
0.0180663 0.281777 0 2
0.0182291 0.374251 0 2
0.0185546 0.485226 0 2
0.018636 0.496043 0 2
0.0187174 0.499994 0 2
0.0187988 0.497203 0 2
0.0188801 0.48788 0 2
0.0190429 0.450862 0 2
0.0192057 0.392036 0 2
0.0193684 0.315333 0 2
0.0195312 0.225228 0 2
0.019694 0.12646 0 2
0.0198567 0.0237852 0 2
0.0200195 -0.0782454 0 2
0.0201823 -0.175463 0 2
0.020345 -0.26422 0 2
0.0205078 -0.341485 0 2
0.0208333 -0.452804 0 2
0.020996 -0.484223 0 2
0.0210774 -0.493625 0 2
0.0211588 -0.498833 0 2
0.0212402 -0.499899 0 2
0.0213215 -0.496908 0 2
0.0214843 -0.47925 0 2
0.0218098 -0.402083 0 2
0.0221354 -0.281127 0 2
0.0224609 -0.133236 0 2
0.0227864 0.0241372 0 2
0.0231119 0.1749 0 2
0.0234374 0.305705 0 2
0.0237629 0.406737 0 2
0.0240885 0.47199 0 2
0.0242512 0.490336 0 2
0.0243326 0.495917 0 2
0.024414 0.499127 0 2
0.0244954 0.499999 0 2
0.0245768 0.498574 0 2
0.0247395 0.48905 0 2
0.0250651 0.445277 0 2
0.0253906 0.373251 0 2
0.0257161 0.279635 0 2
0.0260416 0.171663 0 2
0.0263671 0.056584 0 2
0.0266926 -0.0587899 0 2
0.0270182 -0.168413 0 2
0.0273437 -0.267227 0 2
0.0276692 -0.351284 0 2
0.0279948 -0.417777 0 2
0.0283203 -0.46501 0 2
0.0286458 -0.492311 0 2
0.0288085 -0.498528 0 2
0.0289713 -0.499913 0 2
0.029134 -0.496613 0 2
0.0292968 -0.488813 0 2
0.0299479 -0.417392 0 2
0.0305989 -0.295576 0 2
0.0312499 -0.143956 0 2
0.031901 0.0172442 0 2
0.032552 0.170498 0 2
0.0332031 0.302261 0 2
0.0338541 0.403418 0 2
0.0345051 0.469117 0 2
0.0348307 0.488185 0 2
0.0351562 0.498209 0 2
0.0354817 0.499501 0 2
0.0358073 0.492507 0 2
0.0364583 0.45597 0 2
0.0371093 0.393939 0 2
0.0377604 0.312463 0 2
0.0384114 0.21775 0 2
0.0390624 0.115759 0 2
0.0397135 0.011896 0 2
0.0403645 -0.0891605 0 2
0.0410156 -0.183558 0 2
0.0416666 -0.268295 0 2
0.0429687 -0.400825 0 2
0.0442708 -0.477899 0 2
0.0449218 -0.495477 0 2
0.0455729 -0.499871 0 2
0.0462239 -0.492057 0 2
0.0468749 -0.473214 0 2
0.0481769 -0.407766 0 2
0.0494791 -0.314596 0 2
0.0507811 -0.204515 0 2
0.0520832 -0.0871663 0 2
0.0533853 0.0294461 0 2
0.0546874 0.139105 0 2
0.0559894 0.237324 0 2
0.0572916 0.321165 0 2
0.0585936 0.389003 0 2
0.0598957 0.440273 0 2
0.0611978 0.475223 0 2
0.0624999 0.494696 0 2
0.0638019 0.499942 0 2
0.0651041 0.492468 0 2
0.0677082 0.445943 0 2
0.0703124 0.368277 0 2
0.0729166 0.271489 0 2
0.0755207 0.165572 0 2
0.0781248 0.0582766 0 2
0.080729 -0.0447599 0 2
0.0833331 -0.139712 0 2
0.0859373 -0.22422 0 2
0.0885415 -0.297052 0 2
0.0937498 -0.406678 0 2
0.0989581 -0.471353 0 2
0.101562 -0.48896 0 2
0.102864 -0.494523 0 2
0.104167 -0.498099 0 2
0.105469 -0.499816 0 2
0.106771 -0.4998 0 2
0.108073 -0.498174 0 2
0.109375 -0.495057 0 2
0.111979 -0.484808 0 2
0.114583 -0.469916 0 2
0.125 -0.378414 0 2
0.135416 -0.261657 0 2
0.145833 -0.141533 0 2
0.15625 -0.029188 0 2
0.166666 0.0705624 0 2
0.177083 0.156369 0 2
0.1875 0.228644 0 2
0.208333 0.337743 0 2
0.229166 0.409545 0 2
0.25 0.454664 0 2
0.260416 0.469838 0 2
0.270833 0.48118 0 2
0.281249 0.489344 0 2
0.291666 0.494878 0 2
0.302083 0.498238 0 2
0.312499 0.499804 0 2
0.322916 0.499891 0 2
0.333333 0.498764 0 2
0.354166 0.493707 0 2
0.374999 0.485985 0 2
0.395833 0.476542 0 2
0.416666 0.466035 0 2
0.437499 0.454927 0 2
0.458332 0.443538 0 2
0.479166 0.432094 0 2
0.499999 0.42075 0 2
