-3.1416 -1 3.1416 1
0.159155 0.469999
0 -4.55379e-09
0.6 0.2
0.0954928 0.0939998
1
57
119 69 3
-0.499999 0 10 3
-0.479166 -0.065263 10 3
-0.458332 -0.129409 10 3
-0.437499 -0.191341 10 3
-0.416666 -0.25 10 3
-0.395833 -0.30438 10 3
-0.374999 -0.353553 10 3
-0.354166 -0.396676 10 3
-0.333333 -0.433012 10 3
-0.312499 -0.461939 10 3
-0.291666 -0.482962 10 3
-0.281249 -0.490392 10 3
-0.270833 -0.495721 10 3
-0.260416 -0.498929 10 3
-0.25 -0.499999 10 3
-0.239583 -0.498929 10 3
-0.229166 -0.495721 10 3
-0.21875 -0.490392 10 3
-0.208333 -0.482962 10 3
-0.1875 -0.461939 10 3
-0.166666 -0.433012 10 3
-0.145833 -0.396676 10 3
-0.125 -0.353553 10 3
-0.104166 -0.30438 10 3
-0.0833332 -0.25 10 3
-0.0624999 -0.191341 10 3
-0.0416666 -0.129409 10 3
-0.0208333 -0.065263 10 3
0 0 10 3
0.0208333 0.065263 10 3
0.0416666 0.129409 10 3
0.0624999 0.191341 10 3
0.0833331 0.25 10 3
0.104167 0.30438 10 3
0.125 0.353553 10 3
0.145833 0.396676 10 3
0.166666 0.433012 10 3
0.1875 0.461939 10 3
0.208333 0.482962 10 3
0.21875 0.490392 10 3
0.229166 0.495721 10 3
0.239583 0.498929 10 3
0.25 0.499999 10 3
0.260416 0.498929 10 3
0.270833 0.495721 10 3
0.28125 0.490392 10 3
0.291666 0.482962 10 3
0.312499 0.461939 10 3
0.333333 0.433012 10 3
0.354166 0.396676 10 3
0.374999 0.353553 10 3
0.395833 0.30438 10 3
0.416666 0.25 10 3
0.437499 0.191341 10 3
0.458332 0.129409 10 3
0.479166 0.065263 10 3
0.499999 0 10 3
