-1.90735e-06 -1.90735e-06 1 1
0.999996 0.939996
-0.499998 -0.469998
0.1 0.1
0.0999996 0.0939996
12
2
109 109 6
0.499998 0.499998 0 3
-0.499998 0.499998 0 3
2
109 55 6
-0.499998 0.499998 0 3
-0.499998 -0.499998 0 3
2
109 67 6
-0.499998 -0.499998 0 3
0.499998 -0.499998 0 3
2
109 3 6
0.499998 -0.499998 0 3
0.499998 0.499998 0 3
2
68 70 8
0.499998 0 13 1
0 -0.499998 13 1
2
68 52 8
0 -0.499998 13 1
-0.499998 0 13 1
2
68 108 8
-0.499998 0 13 1
0 0.499998 13 1
2
68 1 8
0 0.499998 13 1
0.499998 0 13 1
2
119 4 10
-0.249999 -0.249999 10 3
-0.249999 0.249999 10 3
2
119 110 10
-0.249999 0.249999 10 3
0.249999 0.249999 10 3
2
119 67 10
0.249999 0.249999 10 3
0.249999 -0.249999 10 3
2
119 55 10
0.249999 -0.249999 10 3
-0.249999 -0.249999 10 3
