-97.394 -98.9584 94.246 95.8231
0.00521812 0.00482592
0.0082134 0.00756529
20 20
0.104362 0.0965184
1
621
82 69 3
0.0082134 0.00804818 0 2
0.0105708 0.00937879 0 2
0.0109572 0.0126647 0 2
0.00828099 0.0160698 0 2
0.0028823 0.0173696 0 2
-0.000326216 0.0166619 0 2
-0.00345984 0.0148925 0 2
-0.00616452 0.0120702 0 2
-0.00809103 0.00831437 0 2
-0.00892964 0.00385225 0 2
-0.00844327 -0.00099507 0 2
-0.00649559 -0.00583532 0 2
-0.00307161 -0.0102362 0 2
0.00171161 -0.0137615 0 2
0.00760466 -0.0160098 0 2
0.0142384 -0.0166529 0 2
0.0176901 -0.0162984 0 2
0.0211462 -0.0154696 0 2
0.0245385 -0.0141601 0 2
0.0277975 -0.0123728 0 2
0.0308531 -0.0101207 0 2
0.033637 -0.00742641 0 2
0.0360833 -0.00432253 0 2
0.0381303 -0.000851005 0 2
0.0408087 0.00698358 0 2
0.0413122 0.015578 0 2
0.0394261 0.0243356 0 2
0.0351073 0.032603 0 2
0.032073 0.0363452 0 2
0.0284989 0.0397192 0 2
0.0244322 0.0426496 0 2
0.0199305 0.0450668 0 2
0.0150622 0.0469089 0 2
0.00990397 0.0481228 0 2
0.00454086 0.0486653 0 2
-0.000935853 0.0485049 0 2
-0.00642985 0.0476218 0 2
-0.0118418 0.0460093 0 2
-0.0170707 0.0436741 0 2
-0.0220162 0.0406363 0 2
-0.0265802 0.0369298 0 2
-0.030669 0.0326016 0 2
-0.0341947 0.0277117 0 2
-0.0370777 0.0223318 0 2
-0.0406459 0.0104431 0 2
-0.0409541 -0.00229478 0 2
-0.0378004 -0.0150084 0 2
-0.0312262 -0.0267807 0 2
-0.0267384 -0.0320315 0 2
-0.021525 -0.0367168 0 2
-0.0156604 -0.0407391 0 2
-0.00923264 -0.0440108 0 2
-0.00234199 -0.0464554 0 2
0.00490075 -0.0480098 0 2
0.0123757 -0.0486252 0 2
0.0199561 -0.0482686 0 2
0.0275106 -0.0469236 0 2
0.0349051 -0.0445913 0 2
0.0420057 -0.0412903 0 2
0.0486804 -0.0370569 0 2
0.0548024 -0.0319451 0 2
0.0602514 -0.0260253 0 2
0.0649173 -0.0193841 0 2
0.068701 -0.0121228 0 2
0.0732962 0.00379205 0 2
0.073549 0.0206808 0 2
0.0692611 0.0373933 0 2
0.0605492 0.0527455 0 2
0.0546584 0.0595529 0 2
0.0478493 0.0656036 0 2
0.0402231 0.0707771 0 2
0.0318973 0.0749665 0 2
0.0230039 0.0780801 0 2
0.0136873 0.0800433 0 2
0.00410211 0.0808007 0 2
-0.0055896 0.0803166 0 2
-0.0152211 0.0785769 0 2
-0.0246235 0.0755892 0 2
-0.0336291 0.0713832 0 2
-0.0420744 0.0660102 0 2
-0.0566663 0.0520756 0 2
-0.0672804 0.0346053 0 2
-0.0730393 0.0146957 0 2
-0.0733769 -0.00634819 0 2
-0.068089 -0.027099 0 2
-0.057359 -0.0461032 0 2
-0.0501169 -0.054514 0 2
-0.0417572 -0.061983 0 2
-0.0324071 -0.0683662 0 2
-0.022213 -0.073536 0 2
-0.0113381 -0.0773844 0 2
3.99947e-05 -0.0798246 0 2
0.0117321 -0.0807928 0 2
0.023541 -0.0802502 0 2
0.0352643 -0.0781834 0 2
0.0466982 -0.0746055 0 2
0.0576409 -0.069556 0 2
0.0678964 -0.0631005 0 2
0.0856096 -0.0463593 0 2
0.0985104 -0.0253889 0 2
0.105569 -0.00151941 0 2
0.106131 0.0236804 0 2
0.0999789 0.0485056 0 2
0.0873521 0.0712309 0 2
0.0788115 0.0812908 0 2
0.0689477 0.0902302 0 2
0.0579129 0.0978802 0 2
0.0458818 0.104092 0 2
0.0330483 0.108741 0 2
0.0196228 0.111726 0 2
0.0058288 0.112974 0 2
-0.00810125 0.112442 0 2
-0.0219295 0.110116 0 2
-0.0354168 0.106014 0 2
-0.0483271 0.100183 0 2
-0.0604311 0.0927027 0 2
-0.0715109 0.083681 0 2
-0.0813634 0.0732539 0 2
-0.0898044 0.0615833 0 2
-0.0966714 0.0488545 0 2
-0.105164 0.021063 0 2
-0.106092 -0.00828993 0 2
-0.0992112 -0.0372225 0 2
-0.0848109 -0.0637351 0 2
-0.0750259 -0.0754883 0 2
-0.0637057 -0.0859488 0 2
-0.0510268 -0.0949222 0 2
-0.0371915 -0.102238 0 2
-0.022424 -0.107752 0 2
-0.00696695 -0.111348 0 2
0.00892216 -0.112945 0 2
0.0249757 -0.112493 0 2
0.0409202 -0.109976 0 2
0.0564812 -0.105416 0 2
0.0713879 -0.098867 0 2
0.0853775 -0.090421 0 2
0.0982004 -0.0802019 0 2
0.109624 -0.0683658 0 2
0.119439 -0.0550981 0 2
0.127458 -0.040611 0 2
0.137519 -0.008939 0 2
0.138952 0.0245609 0 2
0.131481 0.0576303 0 2
0.115431 0.0879934 0 2
0.104457 0.101483 0 2
0.0917296 0.113514 0 2
0.0774488 0.123866 0 2
0.0618438 0.132346 0 2
0.0451683 0.138789 0 2
0.0276973 0.143065 0 2
0.0097217 0.145079 0 2
-0.00845587 0.144776 0 2
-0.0265264 0.142137 0 2
-0.0441798 0.137185 0 2
-0.06111 0.129982 0 2
-0.0770205 0.12063 0 2
-0.0916295 0.109268 0 2
-0.104675 0.0960721 0 2
-0.115918 0.0812495 0 2
-0.125151 0.0650388 0 2
-0.136913 0.0295309 0 2
-0.138992 -0.00810659 0 2
-0.131067 -0.0453389 0 2
-0.113496 -0.0796126 0 2
-0.101389 -0.09488 0 2
-0.0873039 -0.10853 0 2
-0.0714647 -0.120316 0 2
-0.0541259 -0.130019 0 2
-0.0355705 -0.137455 0 2
-0.0161046 -0.142477 0 2
0.00394726 -0.144977 0 2
0.0242477 -0.144892 0 2
0.0444522 -0.142199 0 2
0.0642149 -0.136923 0 2
0.0831943 -0.12913 0 2
0.10106 -0.118933 0 2
0.117496 -0.106485 0 2
0.132212 -0.0919786 0 2
0.144939 -0.0756446 0 2
0.155445 -0.0577464 0 2
0.16904 -0.0184504 0 2
0.171905 0.0233114 0 2
0.163666 0.0647295 0 2
0.1447 0.102971 0 2
0.131517 0.120056 0 2
0.116127 0.135373 0 2
0.0987739 0.148646 0 2
0.0797389 0.159631 0 2
0.0593328 0.168122 0 2
0.0378931 0.173956 0 2
0.015777 0.177011 0 2
-0.00664341 0.177213 0 2
-0.0289881 0.174536 0 2
-0.0508752 0.169003 0 2
-0.0719278 0.160686 0 2
-0.0917805 0.149705 0 2
-0.110085 0.136227 0 2
-0.126518 0.120462 0 2
-0.140783 0.102662 0 2
-0.152622 0.0831134 0 2
-0.16818 0.0400806 0 2
-0.17197 -0.00578928 0 2
-0.163556 -0.0514125 0 2
-0.143325 -0.0936754 0 2
-0.129125 -0.112618 0 2
-0.112482 -0.129647 0 2
-0.0936618 -0.144459 0 2
-0.0729695 -0.156784 0 2
-0.0507439 -0.166393 0 2
-0.0273528 -0.173105 0 2
-0.00318626 -0.176782 0 2
0.0213494 -0.17734 0 2
0.0458387 -0.174748 0 2
0.0698638 -0.169027 0 2
0.0930122 -0.160251 0 2
0.114883 -0.148549 0 2
0.135094 -0.134099 0 2
0.15329 -0.117128 0 2
0.169146 -0.0979069 0 2
0.182375 -0.0767479 0 2
0.200027 -0.0300327 0 2
0.204882 0.0199254 0 2
0.196431 0.0697697 0 2
0.175067 0.116105 0 2
0.159909 0.136942 0 2
0.142067 0.155729 0 2
0.121827 0.17213 0 2
0.0995181 0.185852 0 2
0.0755057 0.196641 0 2
0.0501875 0.204295 0 2
0.023986 0.208663 0 2
-0.00265843 0.209647 0 2
-0.029295 0.207209 0 2
-0.05547 0.201367 0 2
-0.0807347 0.192199 0 2
-0.104653 0.179839 0 2
-0.126808 0.164476 0 2
-0.146812 0.146352 0 2
-0.16431 0.125758 0 2
-0.178988 0.103029 0 2
-0.19886 0.052689 0 2
-0.204918 -0.00133395 0 2
-0.196573 -0.055412 0 2
-0.174208 -0.105867 0 2
-0.158152 -0.128635 0 2
-0.139166 -0.149222 0 2
-0.117555 -0.167264 0 2
-0.0936711 -0.182438 0 2
-0.067906 -0.194468 0 2
-0.0406867 -0.20313 0 2
-0.0124674 -0.208254 0 2
0.0162776 -0.209733 0 2
0.0450625 -0.207519 0 2
0.0733975 -0.201626 0 2
0.100798 -0.192132 0 2
0.126791 -0.179178 0 2
0.150926 -0.162962 0 2
0.172782 -0.14374 0 2
0.191972 -0.121822 0 2
0.208154 -0.0975644 0 2
0.230374 -0.0436603 0 2
0.237774 0.0144009 0 2
0.229674 0.0727218 0 2
0.206441 0.127342 0 2
0.189549 0.152075 0 2
0.169475 0.174504 0 2
0.146544 0.194236 0 2
0.121128 0.210917 0 2
0.0936464 0.224247 0 2
0.0645535 0.23398 0 2
0.0343354 0.239929 0 2
0.00349963 0.241972 0 2
-0.0274327 0.24005 0 2
-0.057936 0.234175 0 2
-0.0874889 0.224424 0 2
-0.115583 0.210939 0 2
-0.141733 0.193931 0 2
-0.165483 0.173667 0 2
-0.186414 0.150475 0 2
-0.204156 0.124733 0 2
-0.228849 0.0673282 0 2
-0.237728 0.00525886 0 2
-0.230015 -0.0573108 0 2
-0.206049 -0.116136 0 2
-0.188382 -0.142867 0 2
-0.167279 -0.16718 0 2
-0.143078 -0.188649 0 2
-0.116176 -0.206891 0 2
-0.0870141 -0.221581 0 2
-0.0560768 -0.232449 0 2
-0.0238805 -0.239289 0 2
0.00903428 -0.241964 0 2
0.0421116 -0.240405 0 2
0.0747898 -0.234617 0 2
0.106511 -0.224675 0 2
0.136731 -0.210726 0 2
0.164928 -0.192987 0 2
0.190612 -0.171739 0 2
0.213333 -0.147324 0 2
0.232689 -0.120141 0 2
0.259979 -0.0593029 0 2
0.270475 0.00674105 0 2
0.263289 0.0735617 0 2
0.238726 0.136631 0 2
0.220348 0.165392 0 2
0.198272 0.191627 0 2
0.172856 0.214879 0 2
0.144513 0.234736 0 2
0.11371 0.250844 0 2
0.0809593 0.262909 0 2
0.0468069 0.270706 0 2
0.0118266 0.274081 0 2
-0.0233913 0.272955 0 2
-0.0582494 0.267323 0 2
-0.0921534 0.257259 0 2
-0.124522 0.242912 0 2
-0.154798 0.224505 0 2
-0.182455 0.202329 0 2
-0.207012 0.176744 0 2
-0.228035 0.148167 0 2
-0.258044 0.0839657 0 2
-0.270293 0.0139838 0 2
-0.263776 -0.0570866 0 2
-0.238752 -0.124434 0 2
-0.219727 -0.155255 0 2
-0.19674 -0.183451 0 2
-0.17016 -0.208532 0 2
-0.140424 -0.230054 0 2
-0.108021 -0.247637 0 2
-0.0734892 -0.260962 0 2
-0.0374049 -0.269782 0 2
-0.000374109 -0.273926 0 2
0.0369784 -0.273301 0 2
0.0740195 -0.267895 0 2
0.110118 -0.257778 0 2
0.144657 -0.2431 0 2
0.177041 -0.224087 0 2
0.20671 -0.201043 0 2
0.233148 -0.174341 0 2
0.25589 -0.144417 0 2
0.288738 -0.0769261 0 2
0.302876 -0.00304657 0 2
0.29717 0.072269 0 2
0.271824 0.143926 0 2
0.252216 0.176835 0 2
0.228377 0.207029 0 2
0.20069 0.233982 0 2
0.169609 0.257222 0 2
0.135648 0.276336 0 2
0.0993685 0.290981 0 2
0.0613779 0.300889 0 2
0.0223136 0.305869 0 2
-0.0171657 0.305816 0 2
-0.0563912 0.300706 0 2
-0.0946953 0.290605 0 2
-0.131423 0.275662 0 2
-0.165944 0.256108 0 2
-0.197662 0.232256 0 2
-0.226024 0.204492 0 2
-0.250536 0.17327 0 2
-0.286343 0.102565 0 2
-0.302503 0.0248311 0 2
-0.297749 -0.0547217 0 2
-0.27222 -0.130716 0 2
-0.252096 -0.165741 0 2
-0.227465 -0.197967 0 2
-0.198728 -0.226836 0 2
-0.166353 -0.251841 0 2
-0.130876 -0.272542 0 2
-0.0928852 -0.288569 0 2
-0.0530156 -0.299629 0 2
-0.0119362 -0.305513 0 2
0.0296603 -0.3061 0 2
0.0710698 -0.301356 0 2
0.111588 -0.291341 0 2
0.150523 -0.2762 0 2
0.187207 -0.256171 0 2
0.221008 -0.231571 0 2
0.251339 -0.202801 0 2
0.27767 -0.170331 0 2
0.316552 -0.0964906 0 2
0.334869 -0.0149497 0 2
0.331209 0.0688288 0 2
0.305636 0.149185 0 2
0.285061 0.186351 0 2
0.259702 0.220644 0 2
0.229971 0.251469 0 2
0.196353 0.278288 0 2
0.159405 0.300631 0 2
0.11974 0.318098 0 2
0.0780209 0.330375 0 2
0.0349469 0.33723 0 2
-0.00875559 0.338526 0 2
-0.052347 0.334219 0 2
-0.0950866 0.324358 0 2
-0.136245 0.309088 0 2
-0.175118 0.288648 0 2
-0.211035 0.263364 0 2
-0.243375 0.233644 0 2
-0.271574 0.199978 0 2
-0.313647 0.123084 0 2
-0.334253 0.0377858 0 2
-0.331828 -0.0502034 0 2
-0.306351 -0.134943 0 2
-0.259369 -0.210665 0 2
-0.228702 -0.243486 0 2
-0.193895 -0.272167 0 2
-0.155522 -0.296205 0 2
-0.114222 -0.315172 0 2
-0.0706827 -0.328728 0 2
-0.025636 -0.336621 0 2
0.0201592 -0.338696 0 2
0.0659286 -0.334894 0 2
0.110895 -0.325258 0 2
0.154292 -0.309928 0 2
0.195376 -0.289144 0 2
0.233442 -0.263236 0 2
0.297946 -0.197815 0 2
0.343321 -0.117953 0 2
0.366349 -0.0289513 0 2
0.365299 0.0632303 0 2
0.340061 0.152371 0 2
0.292161 0.232409 0 2
0.260619 0.267266 0 2
0.224676 0.297854 0 2
0.184926 0.323639 0 2
0.14203 0.344164 0 2
0.0967035 0.359062 0 2
0.049708 0.368059 0 2
0.00183463 0.370981 0 2
-0.0461071 0.367755 0 2
-0.0933037 0.358414 0 2
-0.138951 0.343093 0 2
-0.182269 0.322031 0 2
-0.222514 0.295564 0 2
-0.291067 0.22822 0 2
-0.339857 0.145478 0 2
-0.365436 0.0528289 0 2
-0.365902 -0.0435232 0 2
-0.341044 -0.137079 0 2
-0.292361 -0.221483 0 2
-0.260003 -0.258413 0 2
-0.22298 -0.290953 0 2
-0.181901 -0.318536 0 2
-0.137451 -0.340676 0 2
-0.0903718 -0.356978 0 2
-0.0414527 -0.367145 0 2
0.00848216 -0.370982 0 2
0.0585889 -0.368402 0 2
0.108018 -0.359426 0 2
0.155927 -0.344184 0 2
0.201499 -0.322912 0 2
0.243951 -0.29595 0 2
0.316635 -0.226799 0 2
0.368949 -0.141266 0 2
0.397208 -0.0450298 0 2
0.399332 0.0554675 0 2
0.374995 0.15345 0 2
0.325663 0.242267 0 2
0.292552 0.281304 0 2
0.254504 0.31584 0 2
0.212147 0.345272 0 2
0.166187 0.369083 0 2
0.117389 0.38685 0 2
0.0665739 0.398252 0 2
0.0145957 0.403073 0 2
-0.0376668 0.401208 0 2
-0.0893279 0.392667 0 2
-0.139509 0.377573 0 2
-0.187353 0.356159 0 2
-0.23204 0.328768 0 2
-0.272802 0.295843 0 2
-0.308934 0.257926 0 2
-0.339806 0.215643 0 2
-0.364878 0.169697 0 2
-0.395945 0.0699363 0 2
-0.399866 -0.0346775 0 2
-0.376194 -0.137095 0 2
-0.326349 -0.230367 0 2
-0.292547 -0.271547 0 2
-0.253532 -0.30812 0 2
-0.209949 -0.339449 0 2
-0.162522 -0.364987 0 2
-0.112044 -0.38428 0 2
-0.0593607 -0.396981 0 2
-0.00535947 -0.402853 0 2
0.049048 -0.401774 0 2
0.10294 -0.393739 0 2
0.1554 -0.378863 0 2
0.205533 -0.357376 0 2
0.252481 -0.32962 0 2
0.295438 -0.296047 0 2
0.33366 -0.257207 0 2
0.366486 -0.213743 0 2
0.39334 -0.166377 0 2
0.427342 -0.063159 0 2
0.433198 0.0455393 0 2
0.410334 0.152395 0 2
0.360113 0.250164 0 2
0.325684 0.293519 0 2
0.285761 0.33217 0 2
0.241004 0.365444 0 2
0.192157 0.392762 0 2
0.140037 0.41364 0 2
0.0855165 0.427705 0 2
0.0295137 0.434695 0 2
-0.0270259 0.434471 0 2
-0.0831448 0.427013 0 2
-0.137889 0.412426 0 2
-0.190327 0.390934 0 2
-0.23956 0.362881 0 2
-0.284744 0.328722 0 2
-0.325099 0.289018 0 2
-0.359926 0.244426 0 2
-0.388616 0.195686 0 2
-0.425677 0.0890794 0 2
-0.433609 -0.0236676 0 2
-0.411696 -0.134963 0 2
-0.361237 -0.237264 0 2
-0.326245 -0.282826 0 2
-0.285474 -0.323594 0 2
-0.239597 -0.358861 0 2
-0.189378 -0.388012 0 2
-0.135656 -0.410534 0 2
-0.0793299 -0.426026 0 2
-0.0213491 -0.434201 0 2
0.0373083 -0.434901 0 2
0.0956491 -0.428091 0 2
0.152683 -0.413863 0 2
0.207438 -0.392436 0 2
0.258978 -0.364153 0 2
0.30642 -0.329472 0 2
0.348947 -0.288964 0 2
0.385822 -0.243296 0 2
0.416402 -0.19323 0 2
0.456645 -0.0833079 0 2
0.46679 0.033449 0 2
0.445972 0.14918 0 2
0.395416 0.256049 0 2
0.359927 0.303848 0 2
0.318368 0.346771 0 2
0.271427 0.384075 0 2
0.219884 0.415111 0 2
0.164601 0.439336 0 2
0.106503 0.456316 0 2
0.0465698 0.465744 0 2
-0.0141892 0.467437 0 2
-0.0747451 0.461344 0 2
-0.13407 0.447546 0 2
-0.191154 0.426255 0 2
-0.245023 0.397809 0 2
-0.294753 0.362672 0 2
-0.339489 0.321418 0 2
-0.378457 0.274732 0 2
-0.41098 0.223388 0 2
-0.454527 0.110225 0 2
-0.467023 -0.010499 0 2
-0.447443 -0.130661 0 2
-0.39693 -0.242126 0 2
-0.361009 -0.29219 0 2
-0.318724 -0.337305 0 2
-0.270775 -0.37669 0 2
-0.21796 -0.409663 0 2
-0.161159 -0.435646 0 2
-0.101325 -0.454178 0 2
-0.0394657 -0.464924 0 2
0.0233769 -0.467679 0 2
0.0861391 -0.462374 0 2
0.147756 -0.449078 0 2
0.20718 -0.427992 0 2
0.263396 -0.399452 0 2
0.315441 -0.363923 0 2
0.362423 -0.321987 0 2
0.403529 -0.274336 0 2
0.438045 -0.221765 0 2
0.485016 -0.105441 0 2
0.496633 -0.0436421 0 2
0.499999 0.0192049 0 2
0.495035 0.0820364 0 2
0.481802 0.143787 0 2
0.431474 0.259876 0 2
0.395188 0.312232 0 2
0.352241 0.359573 0 2
0.303342 0.401084 0 2
0.249304 0.436043 0 2
0.191031 0.46384 0 2
0.129498 0.483984 0 2
0.0657404 0.496113 0 2
0.000833929 0.499999 0 2
-0.0641241 0.495553 0 2
-0.128032 0.482829 0 2
-0.189803 0.462019 0 2
-0.248384 0.433455 0 2
-0.302772 0.397601 0 2
-0.352034 0.355043 0 2
-0.39532 0.306487 0 2
-0.43188 0.25274 0 2
-0.461077 0.194699 0 2
-0.482394 0.133336 0 2
-0.495449 0.0696848 0 2
-0.499999 0.00481749 0 2
-0.495944 -0.0601686 0 2
-0.483329 -0.124172 0 2
-0.462345 -0.186104 0 2
-0.433327 -0.244909 0 2
-0.396745 -0.299582 0 2
-0.353198 -0.349183 0 2
-0.303408 -0.392859 0 2
-0.248202 -0.429853 0 2
-0.188502 -0.45952 0 2
-0.125308 -0.481338 0 2
-0.0596834 -0.494915 0 2
0.00726569 -0.499999 0 2
0.0744073 -0.496482 0 2
0.140603 -0.484402 0 2
0.204728 -0.463939 0 2
0.265689 -0.43542 0 2
0.322445 -0.399307 0 2
0.374021 -0.356192 0 2
0.419529 -0.306789 0 2
0.458182 -0.251918 0 2
