-1 -7.00001 11 7.00001
0.0833332 0.0671427
-0.416667 2.52485e-08
1 1
0.0833332 0.0671427
2
74
82 69 3
-0.0119247 0.427202 0 2
-0.0503785 0.425816 0 2
-0.0903784 0.421379 0 2
-0.130378 0.413741 0 2
-0.170378 0.402651 0 2
-0.210378 0.387716 0 2
-0.250378 0.368318 0 2
-0.290378 0.343445 0 2
-0.332686 0.30916 0 2
-0.364936 0.274874 0 2
-0.389737 0.240589 0 2
-0.408511 0.206303 0 2
-0.422121 0.172017 0 2
-0.431148 0.137732 0 2
-0.436071 0.103446 0 2
-0.4375 0.0691603 0 2
-0.4375 0.0685713 0 2
-0.436618 0.0342856 0 2
-0.435781 -2.98023e-08 0 2
-0.435782 -0.000589013 0 2
-0.43664 -0.0348746 0 2
-0.4375 -0.0691603 0 2
-0.437499 -0.0698701 0 2
-0.436007 -0.104156 0 2
-0.431004 -0.138441 0 2
-0.421888 -0.172727 0 2
-0.408177 -0.207013 0 2
-0.389288 -0.241298 0 2
-0.36435 -0.275584 0 2
-0.331924 -0.30987 0 2
-0.291924 -0.342354 0 2
-0.251924 -0.367467 0 2
-0.211924 -0.387054 0 2
-0.171924 -0.402148 0 2
-0.131925 -0.413378 0 2
-0.0919246 -0.421145 0 2
-0.0519246 -0.425702 0 2
-0.0119247 -0.427202 0 2
0.00262731 -0.427005 0 2
0.0426272 -0.424432 0 2
0.0826272 -0.418851 0 2
0.122627 -0.410161 0 2
0.162627 -0.398179 0 2
0.202627 -0.382612 0 2
0.242627 -0.363014 0 2
0.282627 -0.338701 0 2
0.322627 -0.308571 0 2
0.359239 -0.274285 0 2
0.388821 -0.24 0 2
0.412824 -0.205714 0 2
0.43214 -0.171428 0 2
0.447351 -0.137143 0 2
0.458848 -0.102857 0 2
0.466894 -0.0685713 0 2
0.471659 -0.0342857 0 2
0.473237 -2.98023e-08 0 2
0.473067 0.0112699 0 2
0.470448 0.0455555 0 2
0.464618 0.0798412 0 2
0.45546 0.114127 0 2
0.442776 0.148412 0 2
0.426267 0.182698 0 2
0.405487 0.216984 0 2
0.379768 0.251269 0 2
0.348075 0.285555 0 2
0.308075 0.320301 0 2
0.268075 0.348149 0 2
0.228075 0.370647 0 2
0.188075 0.388714 0 2
0.148075 0.402935 0 2
0.108075 0.413692 0 2
0.0680751 0.421234 0 2
0.0280752 0.425713 0 2
-0.0119247 0.427202 0 2
28
82 69 3
-0.174103 0.143611 0 2
-0.18807 0.1432 0 2
-0.22807 0.137465 0 2
-0.268069 0.124555 0 2
-0.308069 0.102857 0 2
-0.346851 0.0685713 0 2
-0.368858 0.0342856 0 2
-0.376383 -2.98023e-08 0 2
-0.375221 -0.0133792 0 2
-0.361982 -0.0476648 0 2
-0.334103 -0.0819505 0 2
-0.294103 -0.11162 0 2
-0.254103 -0.129943 0 2
-0.214103 -0.140244 0 2
-0.174103 -0.143611 0 2
-0.167992 -0.143532 0 2
-0.127992 -0.138961 0 2
-0.0879917 -0.126441 0 2
-0.0479918 -0.102857 0 2
-0.0158795 -0.0685713 0 2
0.00048089 -0.0342857 0 2
0.0055908 -2.98023e-08 0 2
0.0012691 0.031567 0 2
-0.0141032 0.0658526 0 2
-0.0541031 0.107436 0 2
-0.094103 0.128952 0 2
-0.134103 0.140133 0 2
-0.174103 0.143611 0 2
