1
-0.756238 1.09376 -1 1 -0.367274 0.367274
(v*cos(u/2)+1)*cos(u)
0 0 1.2 1 1 1 0.785398 -0.785398
3 21 400 400
0 9 1 0 27 0 0
-0.5 0.5 0.5 1
1 500
784
-0.734549 -8.99563e-17 0.367274 1
-0.67326 -0.159566 0.364791 0.996619
-0.580727 -0.291652 0.357375 0.986522
-0.46647 -0.391415 0.345125 0.969846
-0.340211 -0.456983 0.328208 0.946816
-0.211003 -0.48916 0.306853 0.917744
-0.0865583 -0.490897 0.281349 0.883022
0.0271771 -0.466612 0.252039 0.843121
0.126179 -0.421467 0.219321 0.798579
0.20824 -0.360682 0.183637 0.75
0.272652 -0.288994 0.14547 0.69804
0.319744 -0.210299 0.105336 0.643402
0.350368 -0.127524 0.0637765 0.586824
0.365408 -0.0427101 0.0213551 0.529072
0.365408 0.0427101 -0.0213551 0.470928
0.350368 0.127524 -0.0637765 0.413176
0.319744 0.210299 -0.105336 0.356598
0.272652 0.288994 -0.14547 0.30196
0.20824 0.360682 -0.183637 0.25
0.126179 0.421467 -0.219321 0.201421
0.0271771 0.466612 -0.252039 0.156879
-0.0865583 0.490897 -0.281349 0.116978
-0.211003 0.48916 -0.306853 0.0822561
-0.340211 0.456983 -0.328208 0.0531837
-0.46647 0.391415 -0.345125 0.0301537
-0.580727 0.291652 -0.357375 0.0134776
-0.67326 0.159566 -0.364791 0.00338084
-0.734549 8.99563e-17 -0.367274 0
-0.734549 -8.99563e-17 0.340069 0.962963
-0.676334 -0.160294 0.33777 0.959833
-0.586334 -0.294468 0.330902 0.950484
-0.473598 -0.397396 0.31956 0.935043
-0.347502 -0.466777 0.303897 0.913719
-0.216924 -0.502887 0.284123 0.8868
-0.089595 -0.508118 0.260508 0.85465
0.0283277 -0.486368 0.233369 0.817704
0.132438 -0.442373 0.203075 0.776462
0.22002 -0.381086 0.170034 0.731481
0.289794 -0.307164 0.134694 0.68337
0.341519 -0.224621 0.0975329 0.632779
0.375545 -0.136687 0.0590524 0.580393
0.392384 -0.0458631 0.0197733 0.526919
0.392384 0.0458631 -0.0197733 0.473081
0.375545 0.136687 -0.0590524 0.419607
0.341519 0.224621 -0.0975329 0.367221
0.289794 0.307164 -0.134694 0.31663
0.22002 0.381086 -0.170034 0.268519
0.132438 0.442373 -0.203075 0.223538
0.0283277 0.486368 -0.233369 0.182296
-0.089595 0.508118 -0.260508 0.14535
-0.216924 0.502887 -0.284123 0.1132
-0.347502 0.466777 -0.303897 0.0862812
-0.473598 0.397396 -0.31956 0.0649571
-0.586334 0.294468 -0.330902 0.0495163
-0.676334 0.160294 -0.33777 0.0401674
-0.734549 8.99563e-17 -0.340069 0.037037
-0.734549 -8.99563e-17 0.312863 0.925926
-0.679407 -0.161022 0.310748 0.923046
-0.59194 -0.297284 0.30443 0.914445
-0.480726 -0.403377 0.293995 0.900239
-0.354793 -0.47657 0.279585 0.880621
-0.222845 -0.516614 0.261394 0.855856
-0.0926316 -0.52534 0.239667 0.826278
0.0294783 -0.506123 0.2147 0.792288
0.138696 -0.463278 0.186829 0.754345
0.231801 -0.401491 0.156432 0.712963
0.306937 -0.325334 0.123919 0.668701
0.363294 -0.238942 0.0897302 0.622157
0.400721 -0.145851 0.0543282 0.573961
0.41936 -0.0490162 0.0181914 0.524765
0.41936 0.0490162 -0.0181914 0.475235
0.400721 0.145851 -0.0543282 0.426039
0.363294 0.238942 -0.0897302 0.377843
0.306937 0.325334 -0.123919 0.331299
0.231801 0.401491 -0.156432 0.287037
0.138696 0.463278 -0.186829 0.245655
0.0294783 0.506123 -0.2147 0.207712
-0.0926316 0.52534 -0.239667 0.173722
-0.222845 0.516614 -0.261394 0.144144
-0.354793 0.47657 -0.279585 0.119379
-0.480726 0.403377 -0.293995 0.0997606
-0.59194 0.297284 -0.30443 0.085555
-0.679407 0.161022 -0.310748 0.076954
-0.734549 8.99563e-17 -0.312863 0.0740741
-0.734549 -8.99563e-17 0.285658 0.888889
-0.68248 -0.161751 0.283726 0.886259
-0.597547 -0.300099 0.277958 0.878406
-0.487854 -0.409358 0.268431 0.865436
-0.362085 -0.486364 0.255273 0.847524
-0.228767 -0.530341 0.238664 0.824912
-0.0956683 -0.542562 0.218827 0.797906
0.0306289 -0.525878 0.19603 0.766872
0.144955 -0.484183 0.170583 0.732228
0.243581 -0.421895 0.142829 0.694444
0.32408 -0.343505 0.113143 0.654031
0.385069 -0.253264 0.0819276 0.611535
0.425898 -0.155014 0.049604 0.56753
0.446336 -0.0521692 0.0166095 0.522612
0.446336 0.0521692 -0.0166095 0.477388
0.425898 0.155014 -0.049604 0.43247
0.385069 0.253264 -0.0819276 0.388465
0.32408 0.343505 -0.113143 0.345969
0.243581 0.421895 -0.142829 0.305556
0.144955 0.484183 -0.170583 0.267772
0.0306289 0.525878 -0.19603 0.233128
-0.0956683 0.542562 -0.218827 0.202094
-0.228767 0.530341 -0.238664 0.175088
-0.362085 0.486364 -0.255273 0.152476
-0.487854 0.409358 -0.268431 0.134564
-0.597547 0.300099 -0.277958 0.121594
-0.68248 0.161751 -0.283726 0.113741
-0.734549 8.99563e-17 -0.285658 0.111111
-0.734549 -8.99563e-17 0.258452 0.851852
-0.685553 -0.162479 0.256705 0.849473
-0.603154 -0.302915 0.251486 0.842368
-0.494982 -0.415339 0.242866 0.830633
-0.369376 -0.496158 0.230962 0.814426
-0.234688 -0.544068 0.215934 0.793968
-0.0987049 -0.559783 0.197986 0.769534
0.0317795 -0.545633 0.177361 0.741455
0.151214 -0.505089 0.154337 0.710111
0.255361 -0.442299 0.129226 0.675926
0.341223 -0.361675 0.102368 0.639361
0.406844 -0.267586 0.074125 0.600912
0.451074 -0.164178 0.0448798 0.561098
0.473312 -0.0553222 0.0150277 0.520458
0.473312 0.0553222 -0.0150277 0.479542
0.451074 0.164178 -0.0448798 0.438902
0.406844 0.267586 -0.074125 0.399088
0.341223 0.361675 -0.102368 0.360639
0.255361 0.442299 -0.129226 0.324074
0.151214 0.505089 -0.154337 0.289889
0.0317795 0.545633 -0.177361 0.258545
-0.0987049 0.559783 -0.197986 0.230466
-0.234688 0.544068 -0.215934 0.206032
-0.369376 0.496158 -0.230962 0.185574
-0.494982 0.415339 -0.242866 0.169367
-0.603154 0.302915 -0.251486 0.157632
-0.685553 0.162479 -0.256705 0.150527
-0.734549 8.99563e-17 -0.258452 0.148148
-0.734549 -8.99563e-17 0.231247 0.814815
-0.688627 -0.163208 0.229683 0.812686
-0.60876 -0.305731 0.225014 0.806329
-0.50211 -0.42132 0.217301 0.795829
-0.376667 -0.505952 0.20665 0.781329
-0.240609 -0.557795 0.193204 0.763024
-0.101742 -0.577005 0.177145 0.741162
0.0329301 -0.565388 0.158691 0.716039
0.157472 -0.525994 0.138091 0.687994
0.267142 -0.462703 0.115623 0.657407
0.358365 -0.379845 0.0915922 0.624692
0.428619 -0.281907 0.0663224 0.59029
0.476251 -0.173341 0.0401556 0.554667
0.500288 -0.0584752 0.0134458 0.518305
0.500288 0.0584752 -0.0134458 0.481695
0.476251 0.173341 -0.0401556 0.445333
0.428619 0.281907 -0.0663224 0.40971
0.358365 0.379845 -0.0915922 0.375308
0.267142 0.462703 -0.115623 0.342593
0.157472 0.525994 -0.138091 0.312006
0.0329301 0.565388 -0.158691 0.283961
-0.101742 0.577005 -0.177145 0.258838
-0.240609 0.557795 -0.193204 0.236976
-0.376667 0.505952 -0.20665 0.218671
-0.50211 0.42132 -0.217301 0.204171
-0.60876 0.305731 -0.225014 0.193671
-0.688627 0.163208 -0.229683 0.187314
-0.734549 8.99563e-17 -0.231247 0.185185
-0.734549 -8.99563e-17 0.204041 0.777778
-0.6917 -0.163936 0.202662 0.7759
-0.614367 -0.308547 0.198541 0.77029
-0.509238 -0.427301 0.191736 0.761026
-0.383958 -0.515745 0.182338 0.748231
-0.246531 -0.571522 0.170474 0.73208
-0.104778 -0.594227 0.156305 0.71279
0.0340807 -0.585143 0.140022 0.690623
0.163731 -0.5469 0.121845 0.665877
0.278922 -0.483107 0.102021 0.638889
0.375508 -0.398015 0.0808167 0.610022
0.450394 -0.296229 0.0585197 0.579668
0.501427 -0.182504 0.0354314 0.548236
0.527263 -0.0616282 0.011864 0.516151
0.527263 0.0616282 -0.011864 0.483849
0.501427 0.182504 -0.0354314 0.451764
0.450394 0.296229 -0.0585197 0.420332
0.375508 0.398015 -0.0808167 0.389978
0.278922 0.483107 -0.102021 0.361111
0.163731 0.5469 -0.121845 0.334123
0.0340807 0.585143 -0.140022 0.309377
-0.104778 0.594227 -0.156305 0.28721
-0.246531 0.571522 -0.170474 0.26792
-0.383958 0.515745 -0.182338 0.251769
-0.509238 0.427301 -0.191736 0.238974
-0.614367 0.308547 -0.198541 0.22971
-0.6917 0.163936 -0.202662 0.2241
-0.734549 8.99563e-17 -0.204041 0.222222
-0.734549 -8.99563e-17 0.176836 0.740741
-0.694773 -0.164664 0.17564 0.739113
-0.619974 -0.311362 0.172069 0.734252
-0.516366 -0.433282 0.166171 0.726222
-0.391249 -0.525539 0.158026 0.715134
-0.252452 -0.585249 0.147744 0.701136
-0.107815 -0.611448 0.135464 0.684418
0.0352313 -0.604898 0.121352 0.665206
0.16999 -0.567805 0.105599 0.64376
0.290702 -0.503511 0.0884179 0.62037
0.392651 -0.416185 0.0700411 0.595353
0.472169 -0.310551 0.0507171 0.569045
0.526603 -0.191668 0.0307072 0.541804
0.554239 -0.0647813 0.0102821 0.513998
0.554239 0.0647813 -0.0102821 0.486002
0.526603 0.191668 -0.0307072 0.458196
0.472169 0.310551 -0.0507171 0.430955
0.392651 0.416185 -0.0700411 0.404647
0.290702 0.503511 -0.0884179 0.37963
0.16999 0.567805 -0.105599 0.35624
0.0352313 0.604898 -0.121352 0.334794
-0.107815 0.611448 -0.135464 0.315582
-0.252452 0.585249 -0.147744 0.298864
-0.391249 0.525539 -0.158026 0.284866
-0.516366 0.433282 -0.166171 0.273778
-0.619974 0.311362 -0.172069 0.265748
-0.694773 0.164664 -0.17564 0.260887
-0.734549 8.99563e-17 -0.176836 0.259259
-0.734549 -8.99563e-17 0.14963 0.703704
-0.697846 -0.165393 0.148619 0.702326
-0.62558 -0.314178 0.145597 0.698213
-0.523494 -0.439263 0.140607 0.691419
-0.398541 -0.535333 0.133715 0.682036
-0.258373 -0.598976 0.125014 0.670192
-0.110852 -0.62867 0.114624 0.656046
0.0363819 -0.624653 0.102683 0.63979
0.176248 -0.58871 0.089353 0.621643
0.302483 -0.523915 0.0748152 0.601852
0.409793 -0.434356 0.0592656 0.580683
0.493944 -0.324872 0.0429145 0.558423
0.55178 -0.200831 0.025983 0.535373
0.581215 -0.0679343 0.00870023 0.511844
0.581215 0.0679343 -0.00870023 0.488156
0.55178 0.200831 -0.025983 0.464627
0.493944 0.324872 -0.0429145 0.441577
0.409793 0.434356 -0.0592656 0.419317
0.302483 0.523915 -0.0748152 0.398148
0.176248 0.58871 -0.089353 0.378357
0.0363819 0.624653 -0.102683 0.36021
-0.110852 0.62867 -0.114624 0.343954
-0.258373 0.598976 -0.125014 0.329808
-0.398541 0.535333 -0.133715 0.317964
-0.523494 0.439263 -0.140607 0.308581
-0.62558 0.314178 -0.145597 0.301787
-0.697846 0.165393 -0.148619 0.297674
-0.734549 8.99563e-17 -0.14963 0.296296
-0.734549 -8.99563e-17 0.122425 0.666667
-0.70092 -0.166121 0.121597 0.66554
-0.631187 -0.316994 0.119125 0.662174
-0.530622 -0.445244 0.115042 0.656615
-0.405832 -0.545127 0.109403 0.648939
-0.264294 -0.612703 0.102284 0.639248
-0.113888 -0.645892 0.0937829 0.627674
0.0375325 -0.644408 0.084013 0.614374
0.182507 -0.609616 0.073107 0.599526
0.314263 -0.544319 0.0612124 0.583333
0.426936 -0.452526 0.04849 0.566013
0.515719 -0.339194 0.0351118 0.547801
0.576956 -0.209995 0.0212588 0.528941
0.608191 -0.0710873 0.00711837 0.509691
0.608191 0.0710873 -0.00711837 0.490309
0.576956 0.209995 -0.0212588 0.471059
0.515719 0.339194 -0.0351118 0.452199
0.426936 0.452526 -0.04849 0.433987
0.314263 0.544319 -0.0612124 0.416667
0.182507 0.609616 -0.073107 0.400474
0.0375325 0.644408 -0.084013 0.385626
-0.113888 0.645892 -0.0937829 0.372326
-0.264294 0.612703 -0.102284 0.360752
-0.405832 0.545127 -0.109403 0.351061
-0.530622 0.445244 -0.115042 0.343385
-0.631187 0.316994 -0.119125 0.337826
-0.70092 0.166121 -0.121597 0.33446
-0.734549 8.99563e-17 -0.122425 0.333333
-0.734549 -8.99563e-17 0.0952193 0.62963
-0.703993 -0.166849 0.0945755 0.628753
-0.636794 -0.31981 0.0926527 0.626135
-0.537749 -0.451225 0.0894769 0.621812
-0.413123 -0.554921 0.0850911 0.615841
-0.270216 -0.62643 0.0795546 0.608304
-0.116925 -0.663114 0.0729422 0.599302
0.0386831 -0.664163 0.0653435 0.588957
0.188766 -0.630521 0.056861 0.577409
0.326043 -0.564724 0.0476097 0.564815
0.444079 -0.470696 0.0377144 0.551344
0.537494 -0.353516 0.0273092 0.537178
0.602133 -0.219158 0.0165347 0.52251
0.635167 -0.0742403 0.00553651 0.507537
0.635167 0.0742403 -0.00553651 0.492463
0.602133 0.219158 -0.0165347 0.47749
0.537494 0.353516 -0.0273092 0.462822
0.444079 0.470696 -0.0377144 0.448656
0.326043 0.564724 -0.0476097 0.435185
0.188766 0.630521 -0.056861 0.422591
0.0386831 0.664163 -0.0653435 0.411043
-0.116925 0.663114 -0.0729422 0.400698
-0.270216 0.62643 -0.0795546 0.391696
-0.413123 0.554921 -0.0850911 0.384159
-0.537749 0.451225 -0.0894769 0.378188
-0.636794 0.31981 -0.0926527 0.373865
-0.703993 0.166849 -0.0945755 0.371247
-0.734549 8.99563e-17 -0.0952193 0.37037
-0.734549 -8.99563e-17 0.0680138 0.592593
-0.707066 -0.167578 0.0675539 0.591967
-0.6424 -0.322626 0.0661805 0.590097
-0.544877 -0.457206 0.0639121 0.587009
-0.420414 -0.564714 0.0607793 0.582744
-0.276137 -0.640157 0.0568247 0.57736
-0.119961 -0.680335 0.0521016 0.57093
0.0398337 -0.683919 0.0466739 0.563541
0.195024 -0.651427 0.040615 0.555292
0.337824 -0.585128 0.0340069 0.546296
0.461221 -0.488866 0.0269389 0.536674
0.559269 -0.367837 0.0195066 0.526556
0.627309 -0.228322 0.0118105 0.516079
0.662143 -0.0773934 0.00395465 0.505384
0.662143 0.0773934 -0.00395465 0.494616
0.627309 0.228322 -0.0118105 0.483921
0.559269 0.367837 -0.0195066 0.473444
0.461221 0.488866 -0.0269389 0.463326
0.337824 0.585128 -0.0340069 0.453704
0.195024 0.651427 -0.040615 0.444708
0.0398337 0.683919 -0.0466739 0.436459
-0.119961 0.680335 -0.0521016 0.42907
-0.276137 0.640157 -0.0568247 0.42264
-0.420414 0.564714 -0.0607793 0.417256
-0.544877 0.457206 -0.0639121 0.412991
-0.6424 0.322626 -0.0661805 0.409903
-0.707066 0.167578 -0.0675539 0.408033
-0.734549 8.99563e-17 -0.0680138 0.407407
-0.734549 -8.99563e-17 0.0408083 0.555556
-0.710139 -0.168306 0.0405323 0.55518
-0.648007 -0.325441 0.0397083 0.554058
-0.552005 -0.463187 0.0383472 0.552205
-0.427705 -0.574508 0.0364676 0.549646
-0.282058 -0.653884 0.0340948 0.546416
-0.122998 -0.697557 0.031261 0.542558
0.0409843 -0.703674 0.0280043 0.538125
0.201283 -0.672332 0.024369 0.533175
0.349604 -0.605532 0.0204041 0.527778
0.478364 -0.507036 0.0161633 0.522004
0.581044 -0.382159 0.0117039 0.515934
0.652486 -0.237485 0.00708628 0.509647
0.689118 -0.0805464 0.00237279 0.50323
0.689118 0.0805464 -0.00237279 0.49677
0.652486 0.237485 -0.00708628 0.490353
0.581044 0.382159 -0.0117039 0.484066
0.478364 0.507036 -0.0161633 0.477996
0.349604 0.605532 -0.0204041 0.472222
0.201283 0.672332 -0.024369 0.466825
0.0409843 0.703674 -0.0280043 0.461875
-0.122998 0.697557 -0.031261 0.457442
-0.282058 0.653884 -0.0340948 0.453584
-0.427705 0.574508 -0.0364676 0.450354
-0.552005 0.463187 -0.0383472 0.447795
-0.648007 0.325441 -0.0397083 0.445942
-0.710139 0.168306 -0.0405323 0.44482
-0.734549 8.99563e-17 -0.0408083 0.444444
-0.734549 -8.99563e-17 0.0136028 0.518519
-0.713212 -0.169034 0.0135108 0.518393
-0.653614 -0.328257 0.0132361 0.518019
-0.559133 -0.469168 0.0127824 0.517402
-0.434997 -0.584302 0.0121559 0.516549
-0.287979 -0.667611 0.0113649 0.515472
-0.126035 -0.714779 0.0104203 0.514186
0.0421349 -0.723429 0.00933478 0.512708
0.207542 -0.693237 0.008123 0.511059
0.361384 -0.625936 0.00680138 0.509259
0.495507 -0.525207 0.00538778 0.507335
0.602819 -0.39648 0.00390132 0.505311
0.677662 -0.246649 0.00236209 0.503216
0.716094 -0.0836994 0.00079093 0.501077
0.716094 0.0836994 -0.00079093 0.498923
0.677662 0.246649 -0.00236209 0.496784
0.602819 0.39648 -0.00390132 0.494689
0.495507 0.525207 -0.00538778 0.492665
0.361384 0.625936 -0.00680138 0.490741
0.207542 0.693237 -0.008123 0.488942
0.0421349 0.723429 -0.00933478 0.487292
-0.126035 0.714779 -0.0104203 0.485814
-0.287979 0.667611 -0.0113649 0.484528
-0.434997 0.584302 -0.0121559 0.483451
-0.559133 0.469168 -0.0127824 0.482598
-0.653614 0.328257 -0.0132361 0.481981
-0.713212 0.169034 -0.0135108 0.481607
-0.734549 8.99563e-17 -0.0136028 0.481481
-0.734549 -8.99563e-17 -0.0136028 0.481481
-0.716286 -0.169763 -0.0135108 0.481607
-0.65922 -0.331073 -0.0132361 0.481981
-0.566261 -0.475149 -0.0127824 0.482598
-0.442288 -0.594096 -0.0121559 0.483451
-0.293901 -0.681338 -0.0113649 0.484528
-0.129071 -0.732 -0.0104203 0.485814
0.0432855 -0.743184 -0.00933478 0.487292
0.2138 -0.714143 -0.008123 0.488942
0.373165 -0.64634 -0.00680138 0.490741
0.512649 -0.543377 -0.00538778 0.492665
0.624594 -0.410802 -0.00390132 0.494689
0.702838 -0.255812 -0.00236209 0.496784
0.74307 -0.0868524 -0.00079093 0.498923
0.74307 0.0868524 0.00079093 0.501077
0.702838 0.255812 0.00236209 0.503216
0.624594 0.410802 0.00390132 0.505311
0.512649 0.543377 0.00538778 0.507335
0.373165 0.64634 0.00680138 0.509259
0.2138 0.714143 0.008123 0.511059
0.0432855 0.743184 0.00933478 0.512708
-0.129071 0.732 0.0104203 0.514186
-0.293901 0.681338 0.0113649 0.515472
-0.442288 0.594096 0.0121559 0.516549
-0.566261 0.475149 0.0127824 0.517402
-0.65922 0.331073 0.0132361 0.518019
-0.716286 0.169763 0.0135108 0.518393
-0.734549 8.99563e-17 0.0136028 0.518519
-0.734549 -8.99563e-17 -0.0408083 0.444444
-0.719359 -0.170491 -0.0405323 0.44482
-0.664827 -0.333889 -0.0397083 0.445942
-0.573389 -0.481131 -0.0383472 0.447795
-0.449579 -0.603889 -0.0364676 0.450354
-0.299822 -0.695065 -0.0340948 0.453584
-0.132108 -0.749222 -0.031261 0.457442
0.0444361 -0.762939 -0.0280043 0.461875
0.220059 -0.735048 -0.024369 0.466825
0.384945 -0.666744 -0.0204041 0.472222
0.529792 -0.561547 -0.0161633 0.477996
0.646369 -0.425124 -0.0117039 0.484066
0.728015 -0.264976 -0.00708628 0.490353
0.770046 -0.0900055 -0.00237279 0.49677
0.770046 0.0900055 0.00237279 0.50323
0.728015 0.264976 0.00708628 0.509647
0.646369 0.425124 0.0117039 0.515934
0.529792 0.561547 0.0161633 0.522004
0.384945 0.666744 0.0204041 0.527778
0.220059 0.735048 0.024369 0.533175
0.0444361 0.762939 0.0280043 0.538125
-0.132108 0.749222 0.031261 0.542558
-0.299822 0.695065 0.0340948 0.546416
-0.449579 0.603889 0.0364676 0.549646
-0.573389 0.481131 0.0383472 0.552205
-0.664827 0.333889 0.0397083 0.554058
-0.719359 0.170491 0.0405323 0.55518
-0.734549 8.99563e-17 0.0408083 0.555556
-0.734549 -8.99563e-17 -0.0680138 0.407407
-0.722432 -0.17122 -0.0675539 0.408033
-0.670434 -0.336704 -0.0661805 0.409903
-0.580517 -0.487112 -0.0639121 0.412991
-0.45687 -0.613683 -0.0607793 0.417256
-0.305743 -0.708792 -0.0568247 0.42264
-0.135145 -0.766444 -0.0521016 0.42907
0.0455867 -0.782694 -0.0466739 0.436459
0.226318 -0.755954 -0.040615 0.444708
0.396725 -0.687148 -0.0340069 0.453704
0.546935 -0.579717 -0.0269389 0.463326
0.668144 -0.439445 -0.0195066 0.473444
0.753191 -0.274139 -0.0118105 0.483921
0.797022 -0.0931585 -0.00395465 0.494616
0.797022 0.0931585 0.00395465 0.505384
0.753191 0.274139 0.0118105 0.516079
0.668144 0.439445 0.0195066 0.526556
0.546935 0.579717 0.0269389 0.536674
0.396725 0.687148 0.0340069 0.546296
0.226318 0.755954 0.040615 0.555292
0.0455867 0.782694 0.0466739 0.563541
-0.135145 0.766444 0.0521016 0.57093
-0.305743 0.708792 0.0568247 0.57736
-0.45687 0.613683 0.0607793 0.582744
-0.580517 0.487112 0.0639121 0.587009
-0.670434 0.336704 0.0661805 0.590097
-0.722432 0.17122 0.0675539 0.591967
-0.734549 8.99563e-17 0.0680138 0.592593
-0.734549 -8.99563e-17 -0.0952193 0.37037
-0.725505 -0.171948 -0.0945755 0.371247
-0.67604 -0.33952 -0.0926527 0.373865
-0.587645 -0.493093 -0.0894769 0.378188
-0.464161 -0.623477 -0.0850911 0.384159
-0.311664 -0.722519 -0.0795546 0.391696
-0.138181 -0.783665 -0.0729422 0.400698
0.0467373 -0.802449 -0.0653435 0.411043
0.232576 -0.776859 -0.056861 0.422591
0.408506 -0.707553 -0.0476097 0.435185
0.564077 -0.597887 -0.0377144 0.448656
0.689919 -0.453767 -0.0273092 0.462822
0.778368 -0.283303 -0.0165347 0.47749
0.823998 -0.0963115 -0.00553651 0.492463
0.823998 0.0963115 0.00553651 0.507537
0.778368 0.283303 0.0165347 0.52251
0.689919 0.453767 0.0273092 0.537178
0.564077 0.597887 0.0377144 0.551344
0.408506 0.707553 0.0476097 0.564815
0.232576 0.776859 0.056861 0.577409
0.0467373 0.802449 0.0653435 0.588957
-0.138181 0.783665 0.0729422 0.599302
-0.311664 0.722519 0.0795546 0.608304
-0.464161 0.623477 0.0850911 0.615841
-0.587645 0.493093 0.0894769 0.621812
-0.67604 0.33952 0.0926527 0.626135
-0.725505 0.171948 0.0945755 0.628753
-0.734549 8.99563e-17 0.0952193 0.62963
-0.734549 -8.99563e-17 -0.122425 0.333333
-0.728579 -0.172676 -0.121597 0.33446
-0.681647 -0.342336 -0.119125 0.337826
-0.594773 -0.499074 -0.115042 0.343385
-0.471453 -0.633271 -0.109403 0.351061
-0.317586 -0.736246 -0.102284 0.360752
-0.141218 -0.800887 -0.0937829 0.372326
0.0478879 -0.822204 -0.084013 0.385626
0.238835 -0.797765 -0.073107 0.400474
0.420286 -0.727957 -0.0612124 0.416667
0.58122 -0.616057 -0.04849 0.433987
0.711694 -0.468089 -0.0351118 0.452199
0.803544 -0.292466 -0.0212588 0.471059
0.850974 -0.0994645 -0.00711837 0.490309
0.850974 0.0994645 0.00711837 0.509691
0.803544 0.292466 0.0212588 0.528941
0.711694 0.468089 0.0351118 0.547801
0.58122 0.616057 0.04849 0.566013
0.420286 0.727957 0.0612124 0.583333
0.238835 0.797765 0.073107 0.599526
0.0478879 0.822204 0.084013 0.614374
-0.141218 0.800887 0.0937829 0.627674
-0.317586 0.736246 0.102284 0.639248
-0.471453 0.633271 0.109403 0.648939
-0.594773 0.499074 0.115042 0.656615
-0.681647 0.342336 0.119125 0.662174
-0.728579 0.172676 0.121597 0.66554
-0.734549 8.99563e-17 0.122425 0.666667
-0.734549 -8.99563e-17 -0.14963 0.296296
-0.731652 -0.173405 -0.148619 0.297674
-0.687254 -0.345152 -0.145597 0.301787
-0.601901 -0.505055 -0.140607 0.308581
-0.478744 -0.643065 -0.133715 0.317964
-0.323507 -0.749973 -0.125014 0.329808
-0.144255 -0.818109 -0.114624 0.343954
0.0490385 -0.841959 -0.102683 0.36021
0.245094 -0.81867 -0.089353 0.378357
0.432066 -0.748361 -0.0748152 0.398148
0.598363 -0.634228 -0.0592656 0.419317
0.733469 -0.48241 -0.0429145 0.441577
0.828721 -0.30163 -0.025983 0.464627
0.877949 -0.102618 -0.00870023 0.488156
0.877949 0.102618 0.00870023 0.511844
0.828721 0.30163 0.025983 0.535373
0.733469 0.48241 0.0429145 0.558423
0.598363 0.634228 0.0592656 0.580683
0.432066 0.748361 0.0748152 0.601852
0.245094 0.81867 0.089353 0.621643
0.0490385 0.841959 0.102683 0.63979
-0.144255 0.818109 0.114624 0.656046
-0.323507 0.749973 0.125014 0.670192
-0.478744 0.643065 0.133715 0.682036
-0.601901 0.505055 0.140607 0.691419
-0.687254 0.345152 0.145597 0.698213
-0.731652 0.173405 0.148619 0.702326
-0.734549 8.99563e-17 0.14963 0.703704
-0.734549 -8.99563e-17 -0.176836 0.259259
-0.734725 -0.174133 -0.17564 0.260887
-0.69286 -0.347968 -0.172069 0.265748
-0.609029 -0.511036 -0.166171 0.273778
-0.486035 -0.652858 -0.158026 0.284866
-0.329428 -0.7637 -0.147744 0.298864
-0.147291 -0.835331 -0.135464 0.315582
0.0501891 -0.861714 -0.121352 0.334794
0.251352 -0.839575 -0.105599 0.35624
0.443847 -0.768765 -0.0884179 0.37963
0.615506 -0.652398 -0.0700411 0.404647
0.755244 -0.496732 -0.0507171 0.430955
0.853897 -0.310793 -0.0307072 0.458196
0.904925 -0.105771 -0.0102821 0.486002
0.904925 0.105771 0.0102821 0.513998
0.853897 0.310793 0.0307072 0.541804
0.755244 0.496732 0.0507171 0.569045
0.615506 0.652398 0.0700411 0.595353
0.443847 0.768765 0.0884179 0.62037
0.251352 0.839575 0.105599 0.64376
0.0501891 0.861714 0.121352 0.665206
-0.147291 0.835331 0.135464 0.684418
-0.329428 0.7637 0.147744 0.701136
-0.486035 0.652858 0.158026 0.715134
-0.609029 0.511036 0.166171 0.726222
-0.69286 0.347968 0.172069 0.734252
-0.734725 0.174133 0.17564 0.739113
-0.734549 8.99563e-17 0.176836 0.740741
-0.734549 -8.99563e-17 -0.204041 0.222222
-0.737798 -0.174861 -0.202662 0.2241
-0.698467 -0.350783 -0.198541 0.22971
-0.616157 -0.517017 -0.191736 0.238974
-0.493326 -0.662652 -0.182338 0.251769
-0.335349 -0.777427 -0.170474 0.26792
-0.150328 -0.852552 -0.156305 0.28721
0.0513398 -0.881469 -0.140022 0.309377
0.257611 -0.860481 -0.121845 0.334123
0.455627 -0.789169 -0.102021 0.361111
0.632648 -0.670568 -0.0808167 0.389978
0.777019 -0.511054 -0.0585197 0.420332
0.879074 -0.319957 -0.0354314 0.451764
0.931901 -0.108924 -0.011864 0.483849
0.931901 0.108924 0.011864 0.516151
0.879074 0.319957 0.0354314 0.548236
0.777019 0.511054 0.0585197 0.579668
0.632648 0.670568 0.0808167 0.610022
0.455627 0.789169 0.102021 0.638889
0.257611 0.860481 0.121845 0.665877
0.0513398 0.881469 0.140022 0.690623
-0.150328 0.852552 0.156305 0.71279
-0.335349 0.777427 0.170474 0.73208
-0.493326 0.662652 0.182338 0.748231
-0.616157 0.517017 0.191736 0.761026
-0.698467 0.350783 0.198541 0.77029
-0.737798 0.174861 0.202662 0.7759
-0.734549 8.99563e-17 0.204041 0.777778
-0.734549 -8.99563e-17 -0.231247 0.185185
-0.740872 -0.17559 -0.229683 0.187314
-0.704074 -0.353599 -0.225014 0.193671
-0.623284 -0.522998 -0.217301 0.204171
-0.500617 -0.672446 -0.20665 0.218671
-0.341271 -0.791154 -0.193204 0.236976
-0.153365 -0.869774 -0.177145 0.258838
0.0524903 -0.901225 -0.158691 0.283961
0.26387 -0.881386 -0.138091 0.312006
0.467407 -0.809573 -0.115623 0.342593
0.649791 -0.688738 -0.0915922 0.375308
0.798794 -0.525375 -0.0663224 0.40971
0.90425 -0.32912 -0.0401556 0.445333
0.958877 -0.112077 -0.0134458 0.481695
0.958877 0.112077 0.0134458 0.518305
0.90425 0.32912 0.0401556 0.554667
0.798794 0.525375 0.0663224 0.59029
0.649791 0.688738 0.0915922 0.624692
0.467407 0.809573 0.115623 0.657407
0.26387 0.881386 0.138091 0.687994
0.0524903 0.901225 0.158691 0.716039
-0.153365 0.869774 0.177145 0.741162
-0.341271 0.791154 0.193204 0.763024
-0.500617 0.672446 0.20665 0.781329
-0.623284 0.522998 0.217301 0.795829
-0.704074 0.353599 0.225014 0.806329
-0.740872 0.17559 0.229683 0.812686
-0.734549 8.99563e-17 0.231247 0.814815
-0.734549 -8.99563e-17 -0.258452 0.148148
-0.743945 -0.176318 -0.256705 0.150527
-0.70968 -0.356415 -0.251486 0.157632
-0.630412 -0.528979 -0.242866 0.169367
-0.507909 -0.68224 -0.230962 0.185574
-0.347192 -0.804882 -0.215934 0.206032
-0.156401 -0.886996 -0.197986 0.230466
0.053641 -0.92098 -0.177361 0.258545
0.270128 -0.902292 -0.154337 0.289889
0.479188 -0.829977 -0.129226 0.324074
0.666934 -0.706908 -0.102368 0.360639
0.820569 -0.539697 -0.074125 0.399088
0.929426 -0.338284 -0.0448798 0.438902
0.985853 -0.11523 -0.0150277 0.479542
0.985853 0.11523 0.0150277 0.520458
0.929426 0.338284 0.0448798 0.561098
0.820569 0.539697 0.074125 0.600912
0.666934 0.706908 0.102368 0.639361
0.479188 0.829977 0.129226 0.675926
0.270128 0.902292 0.154337 0.710111
0.053641 0.92098 0.177361 0.741455
-0.156401 0.886996 0.197986 0.769534
-0.347192 0.804882 0.215934 0.793968
-0.507909 0.68224 0.230962 0.814426
-0.630412 0.528979 0.242866 0.830633
-0.70968 0.356415 0.251486 0.842368
-0.743945 0.176318 0.256705 0.849473
-0.734549 8.99563e-17 0.258452 0.851852
-0.734549 -8.99563e-17 -0.285658 0.111111
-0.747018 -0.177047 -0.283726 0.113741
-0.715287 -0.359231 -0.277958 0.121594
-0.63754 -0.53496 -0.268431 0.134564
-0.5152 -0.692033 -0.255273 0.152476
-0.353113 -0.818609 -0.238664 0.175088
-0.159438 -0.904217 -0.218827 0.202094
0.0547916 -0.940735 -0.19603 0.233128
0.276387 -0.923197 -0.170583 0.267772
0.490968 -0.850382 -0.142829 0.305556
0.684076 -0.725079 -0.113143 0.345969
0.842344 -0.554018 -0.0819276 0.388465
0.954603 -0.347447 -0.049604 0.43247
1.01283 -0.118383 -0.0166095 0.477388
1.01283 0.118383 0.0166095 0.522612
0.954603 0.347447 0.049604 0.56753
0.842344 0.554018 0.0819276 0.611535
0.684076 0.725079 0.113143 0.654031
0.490968 0.850382 0.142829 0.694444
0.276387 0.923197 0.170583 0.732228
0.0547916 0.940735 0.19603 0.766872
-0.159438 0.904217 0.218827 0.797906
-0.353113 0.818609 0.238664 0.824912
-0.5152 0.692033 0.255273 0.847524
-0.63754 0.53496 0.268431 0.865436
-0.715287 0.359231 0.277958 0.878406
-0.747018 0.177047 0.283726 0.886259
-0.734549 8.99563e-17 0.285658 0.888889
-0.734549 -8.99563e-17 -0.312863 0.0740741
-0.750091 -0.177775 -0.310748 0.076954
-0.720894 -0.362046 -0.30443 0.085555
-0.644668 -0.540941 -0.293995 0.0997606
-0.522491 -0.701827 -0.279585 0.119379
-0.359035 -0.832336 -0.261394 0.144144
-0.162475 -0.921439 -0.239667 0.173722
0.0559422 -0.96049 -0.2147 0.207712
0.282646 -0.944103 -0.186829 0.245655
0.502748 -0.870786 -0.156432 0.287037
0.701219 -0.743249 -0.123919 0.331299
0.864119 -0.56834 -0.0897302 0.377843
0.979779 -0.35661 -0.0543282 0.426039
1.0398 -0.121536 -0.0181914 0.475235
1.0398 0.121536 0.0181914 0.524765
0.979779 0.35661 0.0543282 0.573961
0.864119 0.56834 0.0897302 0.622157
0.701219 0.743249 0.123919 0.668701
0.502748 0.870786 0.156432 0.712963
0.282646 0.944103 0.186829 0.754345
0.0559422 0.96049 0.2147 0.792288
-0.162475 0.921439 0.239667 0.826278
-0.359035 0.832336 0.261394 0.855856
-0.522491 0.701827 0.279585 0.880621
-0.644668 0.540941 0.293995 0.900239
-0.720894 0.362046 0.30443 0.914445
-0.750091 0.177775 0.310748 0.923046
-0.734549 8.99563e-17 0.312863 0.925926
-0.734549 -8.99563e-17 -0.340069 0.037037
-0.753165 -0.178503 -0.33777 0.0401674
-0.7265 -0.364862 -0.330902 0.0495163
-0.651796 -0.546922 -0.31956 0.0649571
-0.529782 -0.711621 -0.303897 0.0862812
-0.364956 -0.846063 -0.284123 0.1132
-0.165511 -0.938661 -0.260508 0.14535
0.0570928 -0.980245 -0.233369 0.182296
0.288904 -0.965008 -0.203075 0.223538
0.514529 -0.89119 -0.170034 0.268519
0.718362 -0.761419 -0.134694 0.31663
0.885894 -0.582662 -0.0975329 0.367221
1.00496 -0.365774 -0.0590524 0.419607
1.06678 -0.124689 -0.0197733 0.473081
1.06678 0.124689 0.0197733 0.526919
1.00496 0.365774 0.0590524 0.580393
0.885894 0.582662 0.0975329 0.632779
0.718362 0.761419 0.134694 0.68337
0.514529 0.89119 0.170034 0.731481
0.288904 0.965008 0.203075 0.776462
0.0570928 0.980245 0.233369 0.817704
-0.165511 0.938661 0.260508 0.85465
-0.364956 0.846063 0.284123 0.8868
-0.529782 0.711621 0.303897 0.913719
-0.651796 0.546922 0.31956 0.935043
-0.7265 0.364862 0.330902 0.950484
-0.753165 0.178503 0.33777 0.959833
-0.734549 8.99563e-17 0.340069 0.962963
-0.734549 -8.99563e-17 -0.367274 0
-0.756238 -0.179232 -0.364791 0.00338084
-0.732107 -0.367678 -0.357375 0.0134776
-0.658924 -0.552903 -0.345125 0.0301537
-0.537073 -0.721415 -0.328208 0.0531837
-0.370877 -0.85979 -0.306853 0.0822561
-0.168548 -0.955882 -0.281349 0.116978
0.0582434 -1 -0.252039 0.156879
0.295163 -0.985913 -0.219321 0.201421
0.526309 -0.911594 -0.183637 0.25
0.735504 -0.779589 -0.14547 0.30196
0.907669 -0.596983 -0.105336 0.356598
1.03013 -0.374937 -0.0637765 0.413176
1.09376 -0.127842 -0.0213551 0.470928
1.09376 0.127842 0.0213551 0.529072
1.03013 0.374937 0.0637765 0.586824
0.907669 0.596983 0.105336 0.643402
0.735504 0.779589 0.14547 0.69804
0.526309 0.911594 0.183637 0.75
0.295163 0.985913 0.219321 0.798579
0.0582434 1 0.252039 0.843121
-0.168548 0.955882 0.281349 0.883022
-0.370877 0.85979 0.306853 0.917744
-0.537073 0.721415 0.328208 0.946816
-0.658924 0.552903 0.345125 0.969846
-0.732107 0.367678 0.357375 0.986522
-0.756238 0.179232 0.364791 0.996619
-0.734549 8.99563e-17 0.367274 1
1
0 0
28
0 0
28
0
1
2
3
4
5
6
7
8
9
10
11
12
13
14
15
16
17
18
19
20
21
22
23
24
25
26
27
0 0
28
28
29
30
31
32
33
34
35
36
37
38
39
40
41
42
43
44
45
46
47
48
49
50
51
52
53
54
55
0 0
28
56
57
58
59
60
61
62
63
64
65
66
67
68
69
70
71
72
73
74
75
76
77
78
79
80
81
82
83
0 0
28
84
85
86
87
88
89
90
91
92
93
94
95
96
97
98
99
100
101
102
103
104
105
106
107
108
109
110
111
0 0
28
112
113
114
115
116
117
118
119
120
121
122
123
124
125
126
127
128
129
130
131
132
133
134
135
136
137
138
139
0 0
28
140
141
142
143
144
145
146
147
148
149
150
151
152
153
154
155
156
157
158
159
160
161
162
163
164
165
166
167
0 0
28
168
169
170
171
172
173
174
175
176
177
178
179
180
181
182
183
184
185
186
187
188
189
190
191
192
193
194
195
0 0
28
196
197
198
199
200
201
202
203
204
205
206
207
208
209
210
211
212
213
214
215
216
217
218
219
220
221
222
223
0 0
28
224
225
226
227
228
229
230
231
232
233
234
235
236
237
238
239
240
241
242
243
244
245
246
247
248
249
250
251
0 0
28
252
253
254
255
256
257
258
259
260
261
262
263
264
265
266
267
268
269
270
271
272
273
274
275
276
277
278
279
0 0
28
280
281
282
283
284
285
286
287
288
289
290
291
292
293
294
295
296
297
298
299
300
301
302
303
304
305
306
307
0 0
28
308
309
310
311
312
313
314
315
316
317
318
319
320
321
322
323
324
325
326
327
328
329
330
331
332
333
334
335
0 0
28
336
337
338
339
340
341
342
343
344
345
346
347
348
349
350
351
352
353
354
355
356
357
358
359
360
361
362
363
0 0
28
364
365
366
367
368
369
370
371
372
373
374
375
376
377
378
379
380
381
382
383
384
385
386
387
388
389
390
391
0 0
28
392
393
394
395
396
397
398
399
400
401
402
403
404
405
406
407
408
409
410
411
412
413
414
415
416
417
418
419
0 0
28
420
421
422
423
424
425
426
427
428
429
430
431
432
433
434
435
436
437
438
439
440
441
442
443
444
445
446
447
0 0
28
448
449
450
451
452
453
454
455
456
457
458
459
460
461
462
463
464
465
466
467
468
469
470
471
472
473
474
475
0 0
28
476
477
478
479
480
481
482
483
484
485
486
487
488
489
490
491
492
493
494
495
496
497
498
499
500
501
502
503
0 0
28
504
505
506
507
508
509
510
511
512
513
514
515
516
517
518
519
520
521
522
523
524
525
526
527
528
529
530
531
0 0
28
532
533
534
535
536
537
538
539
540
541
542
543
544
545
546
547
548
549
550
551
552
553
554
555
556
557
558
559
0 0
28
560
561
562
563
564
565
566
567
568
569
570
571
572
573
574
575
576
577
578
579
580
581
582
583
584
585
586
587
0 0
28
588
589
590
591
592
593
594
595
596
597
598
599
600
601
602
603
604
605
606
607
608
609
610
611
612
613
614
615
0 0
28
616
617
618
619
620
621
622
623
624
625
626
627
628
629
630
631
632
633
634
635
636
637
638
639
640
641
642
643
0 0
28
644
645
646
647
648
649
650
651
652
653
654
655
656
657
658
659
660
661
662
663
664
665
666
667
668
669
670
671
0 0
28
672
673
674
675
676
677
678
679
680
681
682
683
684
685
686
687
688
689
690
691
692
693
694
695
696
697
698
699
0 0
28
700
701
702
703
704
705
706
707
708
709
710
711
712
713
714
715
716
717
718
719
720
721
722
723
724
725
726
727
0 0
28
728
729
730
731
732
733
734
735
736
737
738
739
740
741
742
743
744
745
746
747
748
749
750
751
752
753
754
755
0 0
28
756
757
758
759
760
761
762
763
764
765
766
767
768
769
770
771
772
773
774
775
776
777
778
779
780
781
782
783
