-1 -0.217148 1 0.841473
0.499999 0.887948
0 -0.277184
0.2 0.1
0.0999998 0.0887948
1
287
82 69 3
-0.499999 0.499998 0 2
-0.479166 0.487418 0 2
-0.458332 0.473223 0 2
-0.437499 0.457135 0 2
-0.416666 0.438813 0 2
-0.395833 0.417842 0 2
-0.374999 0.393711 0 2
-0.354166 0.36579 0 2
-0.333333 0.333296 0 2
-0.312499 0.295263 0 2
-0.291666 0.250492 0 2
-0.270833 0.19752 0 2
-0.25 0.134596 0 2
-0.229166 0.0597392 0 2
-0.208333 -0.0290182 0 2
-0.1875 -0.132895 0 2
-0.166666 -0.250441 0 2
-0.145833 -0.372863 0 2
-0.135416 -0.428754 0 2
-0.125 -0.4736 0 2
-0.119791 -0.489167 0 2
-0.117187 -0.494642 0 2
-0.114583 -0.498321 0 2
-0.111979 -0.499998 0 2
-0.109375 -0.499464 0 2
-0.106771 -0.496506 0 2
-0.104166 -0.490918 0 2
-0.0937498 -0.438931 0 2
-0.0833332 -0.338867 0 2
-0.0729165 -0.220079 0 2
-0.0677082 -0.180792 0 2
-0.065104 -0.173735 0 2
-0.063802 -0.174356 0 2
-0.0624999 -0.178055 0 2
-0.0611978 -0.184991 0 2
-0.0598957 -0.195239 0 2
-0.0572915 -0.225354 0 2
-0.0520833 -0.31203 0 2
-0.0494791 -0.35369 0 2
-0.048177 -0.369102 0 2
-0.0475259 -0.374724 0 2
-0.0468749 -0.378688 0 2
-0.0462239 -0.380815 0 2
-0.0455728 -0.38095 0 2
-0.0442708 -0.374815 0 2
-0.0416666 -0.337115 0 2
-0.0390624 -0.277791 0 2
-0.0377603 -0.250296 0 2
-0.0371093 -0.239641 0 2
-0.0364583 -0.232065 0 2
-0.0358072 -0.228243 0 2
-0.0354817 -0.227912 0 2
-0.0351562 -0.228698 0 2
-0.0345052 -0.233716 0 2
-0.0338541 -0.243274 0 2
-0.0312499 -0.311874 0 2
-0.0299478 -0.342106 0 2
-0.0292968 -0.348985 0 2
-0.0289713 -0.349599 0 2
-0.0286458 -0.348161 0 2
-0.0283203 -0.344635 0 2
-0.0279947 -0.339067 0 2
-0.0273437 -0.322485 0 2
-0.0260416 -0.277986 0 2
-0.0253906 -0.259068 0 2
-0.025065 -0.252706 0 2
-0.0247395 -0.249162 0 2
-0.024414 -0.248834 0 2
-0.0240885 -0.251918 0 2
-0.0234375 -0.267804 0 2
-0.0221354 -0.318389 0 2
-0.0218099 -0.32801 0 2
-0.0214843 -0.33378 0 2
-0.0211588 -0.334756 0 2
-0.0208333 -0.330519 0 2
-0.0201823 -0.308257 0 2
-0.0195312 -0.278255 0 2
-0.0192057 -0.266428 0 2
-0.0188802 -0.260073 0 2
-0.0187174 -0.259516 0 2
-0.0185547 -0.260859 0 2
-0.0183919 -0.264093 0 2
-0.0182291 -0.269099 0 2
-0.0175781 -0.300498 0 2
-0.0172526 -0.316043 0 2
-0.0170898 -0.321741 0 2
-0.0169271 -0.325364 0 2
-0.0167643 -0.326542 0 2
-0.0166015 -0.325083 0 2
-0.016276 -0.31459 0 2
-0.015625 -0.278598 0 2
-0.0154622 -0.271619 0 2
-0.0152994 -0.267313 0 2
-0.0151367 -0.266309 0 2
-0.0149739 -0.268871 0 2
-0.0146484 -0.283486 0 2
-0.0143229 -0.304195 0 2
-0.0141601 -0.313167 0 2
-0.0139974 -0.319157 0 2
-0.0138346 -0.321011 0 2
-0.0136718 -0.318211 0 2
-0.0133463 -0.300764 0 2
-0.0131836 -0.289275 0 2
-0.0130208 -0.279012 0 2
-0.012858 -0.272352 0 2
-0.0126953 -0.271049 0 2
-0.0125325 -0.275692 0 2
-0.0123698 -0.285355 0 2
-0.0120443 -0.309057 0 2
-0.0118815 -0.316117 0 2
-0.0118001 -0.317153 0 2
-0.0117187 -0.316299 0 2
-0.011556 -0.309185 0 2
-0.0113932 -0.296952 0 2
-0.0112304 -0.283978 0 2
-0.011149 -0.278853 0 2
-0.0110677 -0.275432 0 2
-0.0109863 -0.274139 0 2
-0.0109049 -0.27518 0 2
-0.0107422 -0.283781 0 2
-0.0105794 -0.297619 0 2
-0.0104166 -0.309995 0 2
-0.0102539 -0.314205 0 2
-0.0100911 -0.307406 0 2
-0.00992835 -0.293094 0 2
-0.0097656 -0.280037 0 2
-0.00968421 -0.276967 0 2
-0.00960284 -0.277218 0 2
-0.00952145 -0.28085 0 2
-0.00944006 -0.287255 0 2
-0.00927731 -0.303089 0 2
-0.00919592 -0.309154 0 2
-0.00911456 -0.311971 0 2
-0.00903317 -0.310766 0 2
-0.00895178 -0.305695 0 2
-0.00878903 -0.289335 0 2
-0.0084635 -0.285673 0 2
-0.0078125 -0.281297 0 2
-0.00651041 -0.282752 0 2
-0.00520834 -0.285198 0 2
-0.00390625 -0.289555 0 2
-0.00260416 -0.296623 0 2
-0.00130209 -0.293244 0 2
0 -0.294876 0 2
0.00130206 -0.293244 0 2
0.00260419 -0.296623 0 2
0.00390625 -0.289555 0 2
0.00520831 -0.285198 0 2
0.00651044 -0.282752 0 2
0.00716144 -0.286128 0 2
0.0078125 -0.281297 0 2
0.00846356 -0.285673 0 2
0.00878906 -0.289335 0 2
0.00895184 -0.305695 0 2
0.0090332 -0.310766 0 2
0.00911456 -0.311971 0 2
0.00927734 -0.303089 0 2
0.00944012 -0.287255 0 2
0.00952148 -0.28085 0 2
0.00960284 -0.277218 0 2
0.00968426 -0.276967 0 2
0.00976562 -0.280037 0 2
0.00992841 -0.293094 0 2
0.0100911 -0.307406 0 2
0.0102539 -0.314205 0 2
0.0104167 -0.309995 0 2
0.0105794 -0.297619 0 2
0.0107422 -0.283781 0 2
0.0108235 -0.278504 0 2
0.010905 -0.27518 0 2
0.0109863 -0.274139 0 2
0.0110677 -0.275432 0 2
0.0112305 -0.283978 0 2
0.0113932 -0.296952 0 2
0.011556 -0.309185 0 2
0.0117188 -0.316299 0 2
0.0118815 -0.316117 0 2
0.0120443 -0.309057 0 2
0.0123698 -0.285355 0 2
0.0125325 -0.275692 0 2
0.0126953 -0.271049 0 2
0.0128581 -0.272352 0 2
0.0130208 -0.279012 0 2
0.0133464 -0.300764 0 2
0.0135091 -0.311064 0 2
0.0136719 -0.318211 0 2
0.0138347 -0.321011 0 2
0.0139974 -0.319157 0 2
0.0141602 -0.313167 0 2
0.0143229 -0.304195 0 2
0.0146484 -0.283486 0 2
0.0149739 -0.268871 0 2
0.0151367 -0.266309 0 2
0.0152995 -0.267313 0 2
0.0154622 -0.271619 0 2
0.0156249 -0.278598 0 2
0.016276 -0.31459 0 2
0.0164387 -0.321011 0 2
0.0166015 -0.325083 0 2
0.0167643 -0.326542 0 2
0.016927 -0.325364 0 2
0.0172526 -0.316043 0 2
0.0175781 -0.300498 0 2
0.0179036 -0.283371 0 2
0.0182291 -0.269099 0 2
0.0183918 -0.264093 0 2
0.0185546 -0.260859 0 2
0.0187174 -0.259516 0 2
0.0188801 -0.260073 0 2
0.0192057 -0.266428 0 2
0.0195312 -0.278255 0 2
0.0201823 -0.308257 0 2
0.0208333 -0.330519 0 2
0.0211588 -0.334756 0 2
0.0214843 -0.33378 0 2
0.0218098 -0.32801 0 2
0.0221354 -0.318389 0 2
0.0234374 -0.267804 0 2
0.0240885 -0.251918 0 2
0.024414 -0.248834 0 2
0.0247395 -0.249162 0 2
0.0250651 -0.252706 0 2
0.0253906 -0.259068 0 2
0.0260416 -0.277986 0 2
0.0273437 -0.322485 0 2
0.0279948 -0.339067 0 2
0.0283203 -0.344635 0 2
0.0286458 -0.348161 0 2
0.0289713 -0.349599 0 2
0.0292968 -0.348985 0 2
0.0299479 -0.342106 0 2
0.0312499 -0.311874 0 2
0.0338541 -0.243274 0 2
0.0345051 -0.233716 0 2
0.0351562 -0.228698 0 2
0.0358073 -0.228243 0 2
0.0364583 -0.232065 0 2
0.0377604 -0.250296 0 2
0.0390624 -0.277791 0 2
0.0416666 -0.337115 0 2
0.0429687 -0.359951 0 2
0.0442708 -0.374815 0 2
0.0455729 -0.38095 0 2
0.0462239 -0.380815 0 2
0.0468749 -0.378688 0 2
0.0481769 -0.369102 0 2
0.0494791 -0.35369 0 2
0.0520832 -0.31203 0 2
0.0572916 -0.225354 0 2
0.0598957 -0.195239 0 2
0.0611978 -0.184991 0 2
0.0624999 -0.178055 0 2
0.0638019 -0.174356 0 2
0.0651041 -0.173735 0 2
0.0677082 -0.180792 0 2
0.0729166 -0.220079 0 2
0.0833331 -0.338867 0 2
0.0937498 -0.438931 0 2
0.0989581 -0.471116 0 2
0.101562 -0.48251 0 2
0.104167 -0.490918 0 2
0.106771 -0.496506 0 2
0.109375 -0.499464 0 2
0.111979 -0.499998 0 2
0.113281 -0.499423 0 2
0.114583 -0.498321 0 2
0.117187 -0.494642 0 2
0.119791 -0.489167 0 2
0.125 -0.4736 0 2
0.145833 -0.372863 0 2
0.166666 -0.250441 0 2
0.1875 -0.132895 0 2
0.208333 -0.0290182 0 2
0.229166 0.0597392 0 2
0.25 0.134596 0 2
0.270833 0.19752 0 2
0.291666 0.250492 0 2
0.312499 0.295263 0 2
0.333333 0.333296 0 2
0.354166 0.36579 0 2
0.374999 0.393711 0 2
0.395833 0.417842 0 2
0.416666 0.438813 0 2
0.437499 0.457135 0 2
0.458332 0.473223 0 2
0.479166 0.487418 0 2
0.499999 0.499998 0 2
