-1.90735e-06 -2.55629 6.00001 2.55707
0.166666 0.183832
-0.5 -7.07553e-05
0.6 0.5
0.0999998 0.0919161
1
643
82 69 3
-0.5 -7.52807e-05 0 2
-0.479166 -7.52807e-05 0 2
-0.458333 -7.56979e-05 0 2
-0.4375 -8.32975e-05 0 2
-0.416667 -0.000143647 0 2
-0.395833 -0.000462145 0 2
-0.375 -0.00179666 0 2
-0.364583 -0.00349697 0 2
-0.354167 -0.00668773 0 2
-0.348958 -0.00919023 0 2
-0.34375 -0.0125817 0 2
-0.338542 -0.0171667 0 2
-0.333333 -0.0233534 0 2
-0.322917 -0.0428989 0 2
-0.3125 -0.0781272 0 2
-0.302083 -0.140743 0 2
-0.296875 -0.18747 0 2
-0.291667 -0.247221 0 2
-0.286458 -0.320177 0 2
-0.28125 -0.400843 0 2
-0.278646 -0.438823 0 2
-0.276042 -0.469444 0 2
-0.27474 -0.479855 0 2
-0.273438 -0.485522 0 2
-0.272787 -0.486173 0 2
-0.272136 -0.485135 0 2
-0.271485 -0.482227 0 2
-0.270834 -0.477264 0 2
-0.268229 -0.43342 0 2
-0.265625 -0.346219 0 2
-0.263021 -0.224449 0 2
-0.261719 -0.163869 0 2
-0.260417 -0.118387 0 2
-0.259766 -0.10633 0 2
-0.25944 -0.10396 0 2
-0.259115 -0.104407 0 2
-0.258789 -0.107937 0 2
-0.258464 -0.11479 0 2
-0.257813 -0.139215 0 2
-0.256511 -0.231971 0 2
-0.255209 -0.366534 0 2
-0.254558 -0.432161 0 2
-0.253906 -0.480657 0 2
-0.253581 -0.493872 0 2
-0.253418 -0.496915 0 2
-0.253255 -0.497305 0 2
-0.253093 -0.494859 0 2
-0.25293 -0.489428 0 2
-0.252604 -0.469215 0 2
-0.251953 -0.391805 0 2
-0.251302 -0.277506 0 2
-0.250651 -0.163165 0 2
-0.250326 -0.12397 0 2
-0.250163 -0.11244 0 2
-0.25 -0.107539 0 2
-0.249837 -0.110024 0 2
-0.249675 -0.120432 0 2
-0.249349 -0.16557 0 2
-0.249024 -0.239861 0 2
-0.248698 -0.33219 0 2
-0.248373 -0.422831 0 2
-0.248047 -0.485707 0 2
-0.247966 -0.493907 0 2
-0.247884 -0.498355 0 2
-0.247803 -0.498765 0 2
-0.247722 -0.494919 0 2
-0.247559 -0.474026 0 2
-0.247396 -0.435876 0 2
-0.247071 -0.318697 0 2
-0.246745 -0.187012 0 2
-0.246582 -0.137272 0 2
-0.246501 -0.120568 0 2
-0.24642 -0.1107 0 2
-0.246338 -0.108489 0 2
-0.246257 -0.114496 0 2
-0.246094 -0.151742 0 2
-0.245931 -0.219459 0 2
-0.245768 -0.307361 0 2
-0.245606 -0.398058 0 2
-0.245443 -0.469419 0 2
-0.245362 -0.4908 0 2
-0.24528 -0.499505 0 2
-0.245199 -0.493998 0 2
-0.245117 -0.473702 0 2
-0.244955 -0.392469 0 2
-0.244792 -0.276669 0 2
-0.244629 -0.166415 0 2
-0.244548 -0.128648 0 2
-0.244466 -0.109916 0 2
-0.244385 -0.113986 0 2
-0.244304 -0.142162 0 2
-0.244141 -0.260039 0 2
-0.243978 -0.40861 0 2
-0.243897 -0.466156 0 2
-0.243815 -0.496976 0 2
-0.243734 -0.492997 0 2
-0.243653 -0.451927 0 2
-0.243571 -0.379031 0 2
-0.24349 -0.287593 0 2
-0.243408 -0.197441 0 2
-0.243327 -0.131261 0 2
-0.243246 -0.108938 0 2
-0.243164 -0.141001 0 2
-0.243083 -0.223059 0 2
-0.243002 -0.33362 0 2
-0.24292 -0.437537 0 2
-0.242879 -0.474623 0 2
-0.242839 -0.495981 0 2
-0.242757 -0.481344 0 2
-0.242676 -0.392198 0 2
-0.242595 -0.260895 0 2
-0.242513 -0.146447 0 2
-0.242432 -0.11012 0 2
-0.242351 -0.180721 0 2
-0.242269 -0.327598 0 2
-0.242188 -0.464106 0 2
-0.242106 -0.493687 0 2
-0.242025 -0.381895 0 2
-0.241944 -0.203803 0 2
-0.241862 -0.109081 0 2
-0.241781 -0.197987 0 2
-0.241699 -0.399484 0 2
-0.241618 -0.499584 0 2
-0.241537 -0.364143 0 2
-0.241455 -0.146629 0 2
-0.241374 -0.152769 0 2
-0.241293 -0.397337 0 2
-0.241211 -0.486077 0 2
-0.24113 -0.237713 0 2
-0.241048 -0.124761 0 2
-0.240967 -0.407722 0 2
-0.240886 -0.439217 0 2
-0.240804 -0.12366 0 2
-0.240723 -0.325164 0 2
-0.240642 -0.449222 0 2
-0.24056 -0.10924 0 2
-0.240479 -0.458449 0 2
-0.240397 -0.215176 0 2
-0.240316 -0.353518 0 2
-0.240235 -0.253489 0 2
-0.240153 -0.404964 0 2
-0.240072 -0.1294 0 2
-0.239991 -0.480798 0 2
-0.239909 -0.338359 0 2
-0.239828 -0.120361 0 2
-0.239746 -0.13757 0 2
-0.239665 -0.173451 0 2
-0.239584 -0.125964 0 2
-0.239502 -0.173505 0 2
-0.239421 -0.499999 0 2
-0.239339 -0.117504 0 2
-0.239258 -0.199542 0 2
-0.239177 -0.12625 0 2
-0.239095 -0.467124 0 2
-0.239014 -0.442439 0 2
-0.238933 -0.109116 0 2
-0.238851 -0.494077 0 2
-0.23877 -0.442735 0 2
-0.238688 -0.197233 0 2
-0.238607 -0.122321 0 2
-0.238526 -0.478056 0 2
-0.238444 -0.327822 0 2
-0.238363 -0.497069 0 2
-0.238282 -0.364827 0 2
-0.2382 -0.433622 0 2
-0.238119 -0.307887 0 2
-0.238037 -0.499302 0 2
-0.237956 -0.481445 0 2
-0.237875 -0.489948 0 2
-0.237793 -0.389038 0 2
-0.23763 -0.300468 0 2
-0.237305 -0.182925 0 2
-0.237224 -0.456493 0 2
-0.237142 -0.371005 0 2
-0.237061 -0.499143 0 2
-0.236979 -0.11342 0 2
-0.236898 -0.455467 0 2
-0.236817 -0.471546 0 2
-0.236735 -0.418237 0 2
-0.236654 -0.460275 0 2
-0.236573 -0.494188 0 2
-0.236491 -0.287298 0 2
-0.23641 -0.122406 0 2
-0.236328 -0.47325 0 2
-0.236247 -0.21534 0 2
-0.236166 -0.344343 0 2
-0.236084 -0.266214 0 2
-0.236003 -0.384982 0 2
-0.235922 -0.156656 0 2
-0.23584 -0.499322 0 2
-0.235759 -0.154598 0 2
-0.235677 -0.291562 0 2
-0.235596 -0.482649 0 2
-0.235515 -0.165125 0 2
-0.235433 -0.20682 0 2
-0.235352 -0.48661 0 2
-0.23527 -0.366057 0 2
-0.235189 -0.12109 0 2
-0.235108 -0.216222 0 2
-0.235026 -0.459276 0 2
-0.234945 -0.459681 0 2
-0.234864 -0.240766 0 2
-0.234782 -0.109187 0 2
-0.234701 -0.212998 0 2
-0.234619 -0.414153 0 2
-0.234538 -0.499721 0 2
-0.234457 -0.402185 0 2
-0.234375 -0.224029 0 2
-0.234294 -0.114472 0 2
-0.234213 -0.146591 0 2
-0.234131 -0.284211 0 2
-0.23405 -0.43033 0 2
-0.233968 -0.499038 0 2
-0.233887 -0.460859 0 2
-0.233806 -0.345496 0 2
-0.233724 -0.21447 0 2
-0.233643 -0.126479 0 2
-0.233561 -0.113267 0 2
-0.23348 -0.172829 0 2
-0.233399 -0.277205 0 2
-0.233317 -0.387512 0 2
-0.233236 -0.46878 0 2
-0.233155 -0.499819 0 2
-0.233073 -0.476543 0 2
-0.232992 -0.409709 0 2
-0.23291 -0.319312 0 2
-0.232829 -0.228029 0 2
-0.232748 -0.155597 0 2
-0.232666 -0.11516 0 2
-0.232585 -0.111835 0 2
-0.232504 -0.143206 0 2
-0.232422 -0.201118 0 2
-0.232259 -0.349749 0 2
-0.232097 -0.466967 0 2
-0.232015 -0.494686 0 2
-0.231934 -0.498295 0 2
-0.231853 -0.479151 0 2
-0.231771 -0.441058 0 2
-0.231608 -0.330483 0 2
-0.231446 -0.21479 0 2
-0.231283 -0.133948 0 2
-0.231201 -0.113893 0 2
-0.23112 -0.108625 0 2
-0.231039 -0.11755 0 2
-0.230957 -0.139115 0 2
-0.230795 -0.2107 0 2
-0.230632 -0.301409 0 2
-0.230469 -0.389136 0 2
-0.230306 -0.456548 0 2
-0.230225 -0.479149 0 2
-0.230144 -0.493429 0 2
-0.230062 -0.499252 0 2
-0.229981 -0.496863 0 2
-0.229899 -0.48683 0 2
-0.229818 -0.469978 0 2
-0.229492 -0.3562 0 2
-0.229167 -0.224159 0 2
-0.228841 -0.1329 0 2
-0.228679 -0.112094 0 2
-0.228597 -0.10829 0 2
-0.228516 -0.108738 0 2
-0.228435 -0.11322 0 2
-0.228353 -0.121447 0 2
-0.22819 -0.147714 0 2
-0.227865 -0.227898 0 2
-0.227539 -0.322186 0 2
-0.227214 -0.407182 0 2
-0.226888 -0.467439 0 2
-0.226726 -0.48584 0 2
-0.226644 -0.491974 0 2
-0.226563 -0.496083 0 2
-0.2264 -0.498408 0 2
-0.226237 -0.49335 0 2
-0.225912 -0.464284 0 2
-0.225261 -0.358097 0 2
-0.22461 -0.238924 0 2
-0.223959 -0.14993 0 2
-0.223633 -0.123225 0 2
-0.223308 -0.109095 0 2
-0.223145 -0.10656 0 2
-0.222982 -0.106858 0 2
-0.222819 -0.109806 0 2
-0.222657 -0.115201 0 2
-0.222006 -0.1567 0 2
-0.221354 -0.218883 0 2
-0.220052 -0.354319 0 2
-0.21875 -0.452725 0 2
-0.218099 -0.480198 0 2
-0.217774 -0.488465 0 2
-0.217448 -0.493299 0 2
-0.217123 -0.494921 0 2
-0.216797 -0.493588 0 2
-0.216146 -0.483166 0 2
-0.213542 -0.378322 0 2
-0.210938 -0.252345 0 2
-0.208334 -0.159057 0 2
-0.205729 -0.108981 0 2
-0.204427 -0.0981351 0 2
-0.203125 -0.0948879 0 2
-0.201823 -0.0978027 0 2
-0.200521 -0.105551 0 2
-0.197917 -0.131039 0 2
-0.192709 -0.199561 0 2
-0.1875 -0.267394 0 2
-0.177084 -0.364439 0 2
-0.171875 -0.393024 0 2
-0.166667 -0.4111 0 2
-0.164063 -0.416915 0 2
-0.161459 -0.420927 0 2
-0.158855 -0.423363 0 2
-0.15625 -0.424424 0 2
-0.151042 -0.423122 0 2
-0.148438 -0.421053 0 2
-0.145834 -0.418207 0 2
-0.140625 -0.41059 0 2
-0.135417 -0.400965 0 2
-0.125001 -0.377673 0 2
-0.104167 -0.323249 0 2
-0.0833339 -0.26631 0 2
-0.0625007 -0.210587 0 2
-0.0416674 -0.157041 0 2
-0.0208341 -0.105569 0 2
-7.7486e-07 -0.0556412 0 2
0.0208325 -0.00656551 0 2
0.0416658 0.0424092 0 2
0.0624991 0.0920394 0 2
0.0833324 0.143041 0 2
0.104166 0.196001 0 2
0.124999 0.251178 0 2
0.145832 0.307996 0 2
0.166665 0.363739 0 2
0.177082 0.388982 0 2
0.187499 0.409896 0 2
0.192707 0.417655 0 2
0.197915 0.422761 0 2
0.203124 0.424319 0 2
0.205728 0.423414 0 2
0.20703 0.422468 0 2
0.208332 0.42116 0 2
0.210936 0.417355 0 2
0.21354 0.411776 0 2
0.218749 0.394274 0 2
0.229165 0.325854 0 2
0.239582 0.203825 0 2
0.24479 0.134688 0 2
0.247395 0.107928 0 2
0.248697 0.0991694 0 2
0.249999 0.0949391 0 2
0.25065 0.0949201 0 2
0.251301 0.0965289 0 2
0.251952 0.0999464 0 2
0.252603 0.105356 0 2
0.255207 0.150415 0 2
0.257811 0.238364 0 2
0.260415 0.362038 0 2
0.261717 0.425013 0 2
0.263019 0.474586 0 2
0.263671 0.489471 0 2
0.264322 0.49477 0 2
0.264973 0.488255 0 2
0.265624 0.468046 0 2
0.266926 0.383488 0 2
0.268228 0.252921 0 2
0.26953 0.132093 0 2
0.269855 0.114931 0 2
0.270018 0.109579 0 2
0.270181 0.106677 0 2
0.270344 0.10643 0 2
0.270506 0.109018 0 2
0.270832 0.123261 0 2
0.271483 0.189237 0 2
0.272134 0.297233 0 2
0.272785 0.416801 0 2
0.273111 0.464496 0 2
0.273436 0.493353 0 2
0.273599 0.498283 0 2
0.273762 0.495818 0 2
0.273924 0.485426 0 2
0.274087 0.466878 0 2
0.274413 0.406352 0 2
0.274738 0.321187 0 2
0.275064 0.226912 0 2
0.275389 0.146981 0 2
0.275552 0.120934 0 2
0.275633 0.112838 0 2
0.275715 0.108499 0 2
0.275796 0.108202 0 2
0.275878 0.112165 0 2
0.27604 0.133292 0 2
0.276366 0.225096 0 2
0.276691 0.35728 0 2
0.277017 0.470551 0 2
0.277098 0.487171 0 2
0.27718 0.496938 0 2
0.277261 0.499036 0 2
0.277342 0.492907 0 2
0.277505 0.455421 0 2
0.277668 0.387524 0 2
0.277831 0.299567 0 2
0.277993 0.209001 0 2
0.278156 0.13798 0 2
0.278238 0.11684 0 2
0.278319 0.108411 0 2
0.2784 0.114214 0 2
0.278482 0.134805 0 2
0.278644 0.216534 0 2
0.278807 0.332541 0 2
0.27897 0.442571 0 2
0.279051 0.480062 0 2
0.279133 0.498429 0 2
0.279214 0.493947 0 2
0.279295 0.465361 0 2
0.279458 0.346925 0 2
0.279621 0.198515 0 2
0.279702 0.141382 0 2
0.279784 0.111161 0 2
0.279865 0.115839 0 2
0.279947 0.157584 0 2
0.280028 0.230981 0 2
0.280109 0.32261 0 2
0.280191 0.412549 0 2
0.280272 0.478108 0 2
0.280353 0.499516 0 2
0.280435 0.466469 0 2
0.280516 0.383667 0 2
0.280598 0.272901 0 2
0.280679 0.169495 0 2
0.28076 0.112214 0 2
0.280842 0.128314 0 2
0.280923 0.21864 0 2
0.281004 0.350234 0 2
0.281086 0.463778 0 2
0.281167 0.498277 0 2
0.281249 0.425826 0 2
0.28133 0.278253 0 2
0.281411 0.142923 0 2
0.281493 0.115925 0 2
0.281574 0.229957 0 2
0.281655 0.40796 0 2
0.281737 0.49986 0 2
0.281818 0.407668 0 2
0.2819 0.205935 0 2
0.281981 0.109624 0 2
0.282062 0.248901 0 2
0.282144 0.464923 0 2
0.282225 0.453062 0 2
0.282307 0.207158 0 2
0.282388 0.124912 0 2
0.282469 0.37651 0 2
0.282551 0.481763 0 2
0.282632 0.195924 0 2
0.282713 0.174712 0 2
0.282795 0.487922 0 2
0.282835 0.45836 0 2
0.282876 0.276282 0 2
0.282958 0.165382 0 2
0.283039 0.499999 0 2
0.28312 0.144995 0 2
0.283202 0.402667 0 2
0.283283 0.245125 0 2
0.283364 0.366768 0 2
0.283446 0.19341 0 2
0.283527 0.485372 0 2
0.283609 0.135362 0 2
0.28369 0.254513 0 2
0.283771 0.481797 0 2
0.283853 0.481154 0 2
0.283934 0.4515 0 2
0.284016 0.491921 0 2
0.284097 0.413055 0 2
0.284178 0.110351 0 2
0.28426 0.477415 0 2
0.284341 0.443281 0 2
0.284422 0.497496 0 2
0.284504 0.11656 0 2
0.284585 0.125441 0 2
0.284667 0.477715 0 2
0.284748 0.173626 0 2
0.284829 0.108971 0 2
0.284911 0.217179 0 2
0.284992 0.245792 0 2
0.285073 0.363305 0 2
0.285155 0.14628 0 2
0.285236 0.499279 0 2
0.285318 0.439221 0 2
0.285399 0.492257 0 2
0.28548 0.109959 0 2
0.285562 0.497744 0 2
0.285643 0.47436 0 2
0.285725 0.383884 0 2
0.285806 0.472924 0 2
0.285887 0.212378 0 2
0.285969 0.173026 0 2
0.28605 0.42392 0 2
0.286131 0.183121 0 2
0.286213 0.311507 0 2
0.286294 0.374113 0 2
0.286376 0.189216 0 2
0.286457 0.27996 0 2
0.286538 0.109643 0 2
0.28662 0.486311 0 2
0.286701 0.137177 0 2
0.286782 0.152059 0 2
0.286945 0.161861 0 2
0.287027 0.111249 0 2
0.287108 0.305264 0 2
0.287189 0.491599 0 2
0.287271 0.143215 0 2
0.287352 0.38227 0 2
0.287434 0.276206 0 2
0.287515 0.332192 0 2
0.287596 0.233282 0 2
0.287678 0.446117 0 2
0.287759 0.110685 0 2
0.28784 0.459485 0 2
0.287922 0.30985 0 2
0.288003 0.129404 0 2
0.288085 0.44847 0 2
0.288166 0.396628 0 2
0.288247 0.120255 0 2
0.288329 0.248261 0 2
0.28841 0.489623 0 2
0.288491 0.38816 0 2
0.288573 0.146745 0 2
0.288654 0.152036 0 2
0.288736 0.372208 0 2
0.288817 0.499846 0 2
0.288898 0.39235 0 2
0.28898 0.191587 0 2
0.289061 0.109352 0 2
0.289142 0.209634 0 2
0.289224 0.387773 0 2
0.289305 0.495039 0 2
0.289387 0.460363 0 2
0.289468 0.321634 0 2
0.289549 0.176271 0 2
0.289631 0.109433 0 2
0.289712 0.149419 0 2
0.289793 0.265643 0 2
0.289875 0.396336 0 2
0.289956 0.483127 0 2
0.290038 0.494877 0 2
0.290119 0.434172 0 2
0.2902 0.329312 0 2
0.290282 0.219234 0 2
0.290363 0.138723 0 2
0.290445 0.10867 0 2
0.290526 0.132856 0 2
0.290607 0.200296 0 2
0.290689 0.290891 0 2
0.29077 0.38197 0 2
0.290851 0.453891 0 2
0.290933 0.493651 0 2
0.291014 0.496278 0 2
0.291096 0.464313 0 2
0.291177 0.405995 0 2
0.29134 0.25722 0 2
0.291502 0.140571 0 2
0.291584 0.113263 0 2
0.291665 0.110065 0 2
0.291747 0.12957 0 2
0.291828 0.167937 0 2
0.291991 0.278726 0 2
0.292154 0.394206 0 2
0.292316 0.474549 0 2
0.292398 0.494308 0 2
0.292479 0.49928 0 2
0.29256 0.490081 0 2
0.292642 0.468276 0 2
0.292805 0.396355 0 2
0.292886 0.351853 0 2
0.292967 0.305519 0 2
0.29313 0.217849 0 2
0.293293 0.15062 0 2
0.293456 0.113978 0 2
0.293537 0.108277 0 2
0.293618 0.11078 0 2
0.2937 0.120913 0 2
0.293781 0.137848 0 2
0.293944 0.187928 0 2
0.294107 0.251743 0 2
0.294269 0.319773 0 2
0.294595 0.436567 0 2
0.294758 0.474415 0 2
0.29492 0.494986 0 2
0.295002 0.498673 0 2
0.295083 0.498112 0 2
0.295165 0.493521 0 2
0.295246 0.485191 0 2
0.295572 0.421937 0 2
0.295897 0.331169 0 2
0.296223 0.238927 0 2
0.296548 0.164866 0 2
0.296874 0.120019 0 2
0.297036 0.109759 0 2
0.297199 0.107413 0 2
0.297362 0.112443 0 2
0.297525 0.124086 0 2
0.298176 0.217411 0 2
0.298827 0.337962 0 2
0.299478 0.436609 0 2
0.300129 0.489404 0 2
0.300292 0.49478 0 2
0.300454 0.497172 0 2
0.300617 0.496733 0 2
0.30078 0.493643 0 2
0.301105 0.480346 0 2
0.301431 0.459082 0 2
0.302082 0.400163 0 2
0.303384 0.262752 0 2
0.304686 0.156673 0 2
0.305337 0.124906 0 2
0.305988 0.107739 0 2
0.306314 0.104239 0 2
0.306639 0.103819 0 2
0.306965 0.106213 0 2
0.30729 0.11114 0 2
0.309894 0.208632 0 2
0.312499 0.33236 0 2
0.315103 0.424878 0 2
0.317707 0.473837 0 2
0.318358 0.479885 0 2
0.319009 0.483789 0 2
0.31966 0.48573 0 2
0.320311 0.485894 0 2
0.321613 0.481598 0 2
0.322915 0.472248 0 2
0.328124 0.405614 0 2
0.333332 0.324906 0 2
0.343748 0.190625 0 2
0.354165 0.106834 0 2
0.364582 0.05889 0 2
0.374998 0.0321393 0 2
0.380207 0.0236501 0 2
0.385415 0.0173479 0 2
0.390623 0.0126768 0 2
0.395832 0.0092212 0 2
0.406248 0.00479424 0 2
0.416665 0.00241369 0 2
0.437498 0.000510633 0 2
0.458332 3.63588e-05 0 2
0.479165 -6.03199e-05 0 2
0.499998 -7.42674e-05 0 2
