-1 -1 1 1
0.499999 0.469999
0 -4.55379e-09
0.2 0.2
0.0999998 0.0939998
1
49
82 69 3
0.499999 0 0 2
0.495721 0.065263 0 2
0.482962 0.129409 0 2
0.461939 0.191341 0 2
0.433012 0.25 0 2
0.396676 0.30438 0 2
0.353553 0.353553 0 2
0.30438 0.396676 0 2
0.25 0.433012 0 2
0.191341 0.461939 0 2
0.129409 0.482962 0 2
0.065263 0.495721 0 2
0 0.499999 0 2
-0.065263 0.495721 0 2
-0.129409 0.482962 0 2
-0.191341 0.461939 0 2
-0.25 0.433012 0 2
-0.30438 0.396676 0 2
-0.353553 0.353553 0 2
-0.396676 0.30438 0 2
-0.433012 0.25 0 2
-0.461939 0.191341 0 2
-0.482962 0.129409 0 2
-0.495721 0.065263 0 2
-0.499999 0 0 2
-0.495721 -0.065263 0 2
-0.482962 -0.129409 0 2
-0.461939 -0.191341 0 2
-0.433012 -0.25 0 2
-0.396676 -0.30438 0 2
-0.353553 -0.353553 0 2
-0.30438 -0.396676 0 2
-0.25 -0.433012 0 2
-0.191341 -0.461939 0 2
-0.129409 -0.482962 0 2
-0.065263 -0.495721 0 2
0 -0.499999 0 2
0.065263 -0.495721 0 2
0.129409 -0.482962 0 2
0.191341 -0.461939 0 2
0.25 -0.433012 0 2
0.30438 -0.396676 0 2
0.353553 -0.353553 0 2
0.396676 -0.30438 0 2
0.433012 -0.25 0 2
0.461939 -0.191341 0 2
0.482962 -0.129409 0 2
0.495721 -0.065263 0 2
0.499999 0 0 2
