-1 -0.353524 1 0.353524
0.499999 1.32947
0 -4.55379e-09
0.2 0.07
0.0999998 0.093063
1
81
82 69 3
-0.499999 -2.98023e-08 0 2
-0.498457 0.0919105 0 2
-0.491801 0.179962 0 2
-0.477022 0.260698 0 2
-0.45182 0.331384 0 2
-0.415245 0.39018 0 2
-0.367936 0.436167 0 2
-0.311901 0.46924 0 2
-0.25 0.489939 0 2
-0.185324 0.499241 0 2
-0.120705 0.498376 0 2
-0.0584013 0.488672 0 2
0 0.471444 0 2
0.101828 0.419213 0 2
0.18267 0.349956 0 2
0.244735 0.269775 0 2
0.291633 0.182918 0 2
0.326915 0.0923002 0 2
0.353553 -2.98023e-08 0 2
0.373873 -0.0923002 0 2
0.389671 -0.182918 0 2
0.40236 -0.269775 0 2
0.413119 -0.349956 0 2
0.423002 -0.419213 0 2
0.433012 -0.471444 0 2
0.438359 -0.488672 0 2
0.441162 -0.494545 0 2
0.444066 -0.498376 0 2
0.447076 -0.499997 0 2
0.450197 -0.499241 0 2
0.453431 -0.495942 0 2
0.456772 -0.489939 0 2
0.463738 -0.46924 0 2
0.470952 -0.436167 0 2
0.485024 -0.331384 0 2
0.491081 -0.260698 0 2
0.495863 -0.179962 0 2
0.498938 -0.0919105 0 2
0.499999 -2.98023e-08 0 2
0.498938 0.0919105 0 2
0.495863 0.179962 0 2
0.491081 0.260698 0 2
0.485024 0.331384 0 2
0.470952 0.436167 0 2
0.463738 0.46924 0 2
0.460212 0.481083 0 2
0.456772 0.489939 0 2
0.453431 0.495941 0 2
0.450197 0.499241 0 2
0.447076 0.499997 0 2
0.445557 0.499473 0 2
0.444066 0.498376 0 2
0.441162 0.494545 0 2
0.438359 0.488672 0 2
0.433012 0.471444 0 2
0.423002 0.419213 0 2
0.413119 0.349956 0 2
0.40236 0.269775 0 2
0.389671 0.182918 0 2
0.373873 0.0923002 0 2
0.353553 -2.98023e-08 0 2
0.326915 -0.0923002 0 2
0.291633 -0.182918 0 2
0.244735 -0.269775 0 2
0.18267 -0.349956 0 2
0.101828 -0.419213 0 2
0.0535508 -0.447922 0 2
0 -0.471444 0 2
-0.0584013 -0.488672 0 2
-0.120705 -0.498376 0 2
-0.185324 -0.499241 0 2
-0.25 -0.489939 0 2
-0.311901 -0.46924 0 2
-0.367936 -0.436167 0 2
-0.415245 -0.39018 0 2
-0.45182 -0.331384 0 2
-0.477022 -0.260698 0 2
-0.485596 -0.221435 0 2
-0.491801 -0.179962 0 2
-0.498457 -0.0919105 0 2
-0.499999 -2.98023e-08 0 2
