-6.2832 -162.973 6.2832 162.973
0.0795773 0.00288391
0 2.52485e-08
1 30
0.0795773 0.0865174
5
18
82 69 3
-0.375488 0.499999 0 2
-0.37565 0.374996 0 2
-0.375976 0.24999 0 2
-0.376301 0.187485 0 2
-0.376952 0.124976 0 2
-0.377603 0.0937176 0 2
-0.378906 0.0624505 0 2
-0.380208 0.0468085 0 2
-0.382812 0.0311499 0 2
-0.385416 0.0233037 0 2
-0.390624 0.0154239 0 2
-0.395833 0.0114499 0 2
-0.406249 0.00740683 0 2
-0.416666 0.00531393 0 2
-0.437499 0.00306803 0 2
-0.458332 0.00177133 0 2
-0.479166 0.000822067 0 2
-0.499999 0 0 2
35
82 69 3
-0.125488 0.499999 0 2
-0.125651 0.374996 0 2
-0.125976 0.24999 0 2
-0.126302 0.187485 0 2
-0.126953 0.124976 0 2
-0.127604 0.0937176 0 2
-0.128906 0.0624505 0 2
-0.130208 0.0468085 0 2
-0.132812 0.0311499 0 2
-0.135416 0.0233037 0 2
-0.140625 0.0154239 0 2
-0.145833 0.0114499 0 2
-0.15625 0.00740683 0 2
-0.166666 0.00531393 0 2
-0.1875 0.00306803 0 2
-0.208333 0.00177133 0 2
-0.229166 0.000822067 0 2
-0.25 0 0 2
-0.270833 -0.000822037 0 2
-0.291666 -0.00177127 0 2
-0.312499 -0.00306797 0 2
-0.333333 -0.00531393 0 2
-0.343749 -0.00740677 0 2
-0.354166 -0.0114499 0 2
-0.359374 -0.0154238 0 2
-0.364583 -0.0233037 0 2
-0.367187 -0.0311498 0 2
-0.369791 -0.0468085 0 2
-0.371093 -0.0624504 0 2
-0.372395 -0.0937175 0 2
-0.373046 -0.124976 0 2
-0.373697 -0.187485 0 2
-0.374023 -0.24999 0 2
-0.374348 -0.374996 0 2
-0.374511 -0.499999 0 2
35
82 69 3
0.124511 0.499999 0 2
0.124349 0.374996 0 2
0.124023 0.24999 0 2
0.123698 0.187485 0 2
0.123047 0.124976 0 2
0.122396 0.0937176 0 2
0.121094 0.0624505 0 2
0.119791 0.0468085 0 2
0.117187 0.0311499 0 2
0.114583 0.0233037 0 2
0.109375 0.0154239 0 2
0.104167 0.0114499 0 2
0.0937498 0.00740683 0 2
0.0833331 0.00531393 0 2
0.0624999 0.00306803 0 2
0.0416666 0.00177133 0 2
0.0208333 0.000822067 0 2
0 0 0 2
-0.0208333 -0.000822037 0 2
-0.0416666 -0.00177127 0 2
-0.0624999 -0.00306797 0 2
-0.0833332 -0.00531393 0 2
-0.0937498 -0.00740677 0 2
-0.104166 -0.0114499 0 2
-0.109375 -0.0154238 0 2
-0.114583 -0.0233037 0 2
-0.117187 -0.0311498 0 2
-0.119791 -0.0468085 0 2
-0.121094 -0.0624504 0 2
-0.122396 -0.0937175 0 2
-0.123047 -0.124976 0 2
-0.123698 -0.187485 0 2
-0.124023 -0.24999 0 2
-0.124349 -0.374996 0 2
-0.124511 -0.499999 0 2
35
82 69 3
0.374511 0.499999 0 2
0.374348 0.374996 0 2
0.374023 0.24999 0 2
0.373697 0.187485 0 2
0.373046 0.124976 0 2
0.372395 0.0937176 0 2
0.371093 0.0624505 0 2
0.369791 0.0468085 0 2
0.367187 0.0311499 0 2
0.364583 0.0233037 0 2
0.359374 0.0154239 0 2
0.354166 0.0114499 0 2
0.343749 0.00740683 0 2
0.333333 0.00531393 0 2
0.312499 0.00306803 0 2
0.291666 0.00177133 0 2
0.270833 0.000822067 0 2
0.25 0 0 2
0.229166 -0.000822037 0 2
0.208333 -0.00177127 0 2
0.1875 -0.00306797 0 2
0.166666 -0.00531393 0 2
0.15625 -0.00740677 0 2
0.145833 -0.0114499 0 2
0.140625 -0.0154238 0 2
0.135416 -0.0233037 0 2
0.132812 -0.0311498 0 2
0.130208 -0.0468085 0 2
0.128906 -0.0624504 0 2
0.127604 -0.0937175 0 2
0.126953 -0.124976 0 2
0.126302 -0.187485 0 2
0.125976 -0.24999 0 2
0.125651 -0.374996 0 2
0.125488 -0.499999 0 2
18
82 69 3
0.375488 -0.499999 0 2
0.37565 -0.374996 0 2
0.375976 -0.24999 0 2
0.376301 -0.187485 0 2
0.376952 -0.124976 0 2
0.377603 -0.0937175 0 2
0.378906 -0.0624504 0 2
0.380208 -0.0468085 0 2
0.382812 -0.0311498 0 2
0.385416 -0.0233037 0 2
0.390624 -0.0154238 0 2
0.395833 -0.0114499 0 2
0.406249 -0.00740677 0 2
0.416666 -0.00531393 0 2
0.437499 -0.00306797 0 2
0.458332 -0.00177127 0 2
0.479166 -0.000822037 0 2
0.499999 0 0 2
