-10 -4.00001 10 4.00001
0.0499999 0.1175
0 -4.55379e-09
2 0.8
0.0999998 0.0939998
2
49
82 69 3
0.325529 0.321428 0 2
0.311119 0.319688 0 2
0.295119 0.313663 0 2
0.279119 0.303191 0 2
0.263119 0.287931 0 2
0.247119 0.26725 0 2
0.231119 0.24 0 2
0.213645 0.2 0 2
0.200864 0.16 0 2
0.191581 0.12 0 2
0.185224 0.0799998 0 2
0.181503 0.04 0 2
0.180277 0 0 2
0.181484 -0.039687 0 2
0.185185 -0.079687 0 2
0.19152 -0.119687 0 2
0.200779 -0.159687 0 2
0.213529 -0.199687 0 2
0.229529 -0.236862 0 2
0.245529 -0.264862 0 2
0.261529 -0.286132 0 2
0.277529 -0.301896 0 2
0.293529 -0.312825 0 2
0.309529 -0.319283 0 2
0.325529 -0.321428 0 2
0.336115 -0.32048 0 2
0.352115 -0.315365 0 2
0.368115 -0.30554 0 2
0.384114 -0.29046 0 2
0.400114 -0.269181 0 2
0.416114 -0.24 0 2
0.43192 -0.2 0 2
0.443239 -0.16 0 2
0.451318 -0.12 0 2
0.456775 -0.0799998 0 2
0.459939 -0.0399999 0 2
0.460976 0 0 2
0.460669 0.021804 0 2
0.458485 0.0618039 0 2
0.454101 0.101804 0 2
0.447269 0.141804 0 2
0.437529 0.181804 0 2
0.421529 0.227814 0 2
0.405529 0.260312 0 2
0.389529 0.284018 0 2
0.373529 0.301062 0 2
0.357529 0.312589 0 2
0.341529 0.319254 0 2
0.325529 0.321428 0 2
49
82 69 3
-0.325529 0.321428 0 2
-0.336115 0.32048 0 2
-0.352115 0.315365 0 2
-0.368114 0.30554 0 2
-0.384114 0.29046 0 2
-0.400114 0.269181 0 2
-0.416114 0.24 0 2
-0.43192 0.2 0 2
-0.443239 0.16 0 2
-0.451318 0.12 0 2
-0.456775 0.0799998 0 2
-0.459939 0.04 0 2
-0.460976 0 0 2
-0.460669 -0.021804 0 2
-0.458485 -0.0618039 0 2
-0.454101 -0.101804 0 2
-0.44727 -0.141804 0 2
-0.437529 -0.181804 0 2
-0.421529 -0.227814 0 2
-0.405529 -0.260312 0 2
-0.389529 -0.284018 0 2
-0.373529 -0.301062 0 2
-0.357529 -0.312589 0 2
-0.341529 -0.319254 0 2
-0.325529 -0.321428 0 2
-0.311119 -0.319688 0 2
-0.295119 -0.313663 0 2
-0.279119 -0.303191 0 2
-0.263119 -0.287931 0 2
-0.247119 -0.26725 0 2
-0.231119 -0.24 0 2
-0.213645 -0.2 0 2
-0.200864 -0.16 0 2
-0.191581 -0.12 0 2
-0.185224 -0.0799998 0 2
-0.181503 -0.0399999 0 2
-0.180277 0 0 2
-0.181484 0.039687 0 2
-0.185185 0.0796869 0 2
-0.19152 0.119687 0 2
-0.200779 0.159687 0 2
-0.213529 0.199687 0 2
-0.229529 0.236862 0 2
-0.245529 0.264862 0 2
-0.261529 0.286132 0 2
-0.277529 0.301896 0 2
-0.293529 0.312825 0 2
-0.309529 0.319283 0 2
-0.325529 0.321428 0 2
