-1.90735e-06 -1 6.2832 1
0.159155 0.469999
-0.5 -4.55379e-09
0.6 0.2
0.0954928 0.0939998
1
57
82 5 3
-0.5 0.499999 0 2
-0.489583 0.498929 0 2
-0.479166 0.495721 0 2
-0.46875 0.490392 0 2
-0.458333 0.482962 0 2
-0.4375 0.461939 0 2
-0.416667 0.433012 0 2
-0.395833 0.396676 0 2
-0.375 0.353553 0 2
-0.354167 0.30438 0 2
-0.333333 0.25 0 2
-0.3125 0.191341 0 2
-0.291667 0.129409 0 2
-0.270834 0.065263 0 2
-0.25 0 0 2
-0.229167 -0.065263 0 2
-0.208334 -0.129409 0 2
-0.1875 -0.191341 0 2
-0.166667 -0.25 0 2
-0.145834 -0.30438 0 2
-0.125001 -0.353553 0 2
-0.104167 -0.396676 0 2
-0.0833339 -0.433012 0 2
-0.0625007 -0.461939 0 2
-0.0416674 -0.482962 0 2
-0.0312507 -0.490392 0 2
-0.0208341 -0.495721 0 2
-0.0104174 -0.498929 0 2
-7.7486e-07 -0.499999 0 2
0.0104159 -0.498929 0 2
0.0208325 -0.495721 0 2
0.0312491 -0.490392 0 2
0.0416658 -0.482962 0 2
0.062499 -0.461939 0 2
0.0833324 -0.433012 0 2
0.104166 -0.396676 0 2
0.124999 -0.353553 0 2
0.145832 -0.30438 0 2
0.166666 -0.25 0 2
0.187499 -0.191341 0 2
0.208332 -0.129409 0 2
0.229165 -0.065263 0 2
0.249999 0 0 2
0.270832 0.065263 0 2
0.291665 0.129409 0 2
0.312499 0.191341 0 2
0.333332 0.25 0 2
0.354165 0.30438 0 2
0.374998 0.353553 0 2
0.395832 0.396676 0 2
0.416665 0.433012 0 2
0.437498 0.461939 0 2
0.458332 0.482962 0 2
0.468748 0.490392 0 2
0.479165 0.495721 0 2
0.489581 0.498929 0 2
0.499998 0.499999 0 2
