-3.00001 -3.00001 3.00001 3.00001
0.166666 0.156666
-2.98023e-08 -4.55379e-09
0.6 0.6
0.0999998 0.0939998
2
49
82 69 3
-0.499999 -0.0555555 0 2
-0.49074 -0.0566037 0 2
-0.481481 -0.0576922 0 2
-0.472221 -0.0588234 0 2
-0.462962 -0.0599999 0 2
-0.453703 -0.0612244 0 2
-0.444444 -0.0624999 0 2
-0.435184 -0.0638297 0 2
-0.425925 -0.0652173 0 2
-0.416666 -0.0666666 0 2
-0.407407 -0.0681817 0 2
-0.398147 -0.0697673 0 2
-0.388888 -0.0714284 0 2
-0.379629 -0.0731706 0 2
-0.37037 -0.0749999 0 2
-0.36111 -0.076923 0 2
-0.351851 -0.0789472 0 2
-0.342592 -0.0810809 0 2
-0.333333 -0.0833332 0 2
-0.324073 -0.0857141 0 2
-0.314814 -0.0882351 0 2
-0.305555 -0.0909089 0 2
-0.296296 -0.0937498 0 2
-0.287037 -0.096774 0 2
-0.277777 -0.0999998 0 2
-0.268518 -0.103448 0 2
-0.259259 -0.107143 0 2
-0.25 -0.111111 0 2
-0.24074 -0.115384 0 2
-0.231481 -0.12 0 2
-0.222222 -0.125 0 2
-0.212963 -0.130435 0 2
-0.203703 -0.136363 0 2
-0.194444 -0.142857 0 2
-0.185185 -0.15 0 2
-0.175926 -0.157894 0 2
-0.166666 -0.166666 0 2
-0.157407 -0.17647 0 2
-0.148148 -0.1875 0 2
-0.138889 -0.2 0 2
-0.129629 -0.214285 0 2
-0.12037 -0.230769 0 2
-0.111111 -0.249999 0 2
-0.101852 -0.272727 0 2
-0.0925925 -0.299999 0 2
-0.0833332 -0.333333 0 2
-0.074074 -0.374999 0 2
-0.0648147 -0.42857 0 2
-0.0555555 -0.499999 0 2
49
82 69 3
0.0555555 0.499999 0 2
0.0648147 0.42857 0 2
0.074074 0.374999 0 2
0.0833331 0.333333 0 2
0.0925924 0.299999 0 2
0.101852 0.272727 0 2
0.111111 0.249999 0 2
0.12037 0.230769 0 2
0.129629 0.214285 0 2
0.138889 0.2 0 2
0.148148 0.1875 0 2
0.157407 0.17647 0 2
0.166666 0.166666 0 2
0.175926 0.157894 0 2
0.185185 0.15 0 2
0.194444 0.142857 0 2
0.203703 0.136363 0 2
0.212963 0.130435 0 2
0.222222 0.125 0 2
0.231481 0.12 0 2
0.24074 0.115384 0 2
0.25 0.111111 0 2
0.259259 0.107143 0 2
0.268518 0.103448 0 2
0.277777 0.0999998 0 2
0.287036 0.096774 0 2
0.296296 0.0937498 0 2
0.305555 0.0909089 0 2
0.314814 0.0882351 0 2
0.324073 0.0857141 0 2
0.333333 0.0833331 0 2
0.342592 0.0810809 0 2
0.351851 0.0789472 0 2
0.36111 0.076923 0 2
0.37037 0.0749999 0 2
0.379629 0.0731706 0 2
0.388888 0.0714284 0 2
0.398147 0.0697673 0 2
0.407407 0.0681817 0 2
0.416666 0.0666665 0 2
0.425925 0.0652173 0 2
0.435184 0.0638297 0 2
0.444444 0.0624999 0 2
0.453703 0.0612243 0 2
0.462962 0.0599998 0 2
0.472221 0.0588234 0 2
0.481481 0.0576922 0 2
0.49074 0.0566037 0 2
0.499999 0.0555554 0 2
