-0.769711 -0.951394 0.769711 0.951394
0.649595 0.494012
0 -4.55379e-09
0.2 0.2
0.129919 0.0988024
1
195
82 69 3
0 0 0 2
0.0055455 0.0265363 0 2
0.0219451 0.100559 0 2
0.0484973 0.206459 0 2
0.0840638 0.321829 0 2
0.127113 0.422085 0 2
0.150871 0.459524 0 2
0.163198 0.474069 0 2
0.175779 0.48554 0 2
0.188579 0.493764 0 2
0.19505 0.496616 0 2
0.201562 0.498612 0 2
0.208112 0.499742 0 2
0.214694 0.499999 0 2
0.227937 0.497883 0 2
0.241255 0.492268 0 2
0.25461 0.483202 0 2
0.281283 0.455135 0 2
0.307654 0.414935 0 2
0.333424 0.364476 0 2
0.381974 0.24277 0 2
0.424643 0.113097 0 2
0.459333 0 0 2
0.484213 -0.0755692 0 2
0.488717 -0.0868478 0 2
0.492495 -0.094806 0 2
0.495527 -0.0993819 0 2
0.497798 -0.100559 0 2
0.499292 -0.0983641 0 2
0.499999 -0.0928711 0 2
0.499906 -0.0841964 0 2
0.499004 -0.0724987 0 2
0.487196 0 0 2
0.462211 0.099035 0 2
0.424368 0.201117 0 2
0.400855 0.24562 0 2
0.374462 0.282028 0 2
0.360236 0.296452 0 2
0.345355 0.308023 0 2
0.329845 0.316537 0 2
0.31373 0.321829 0 2
0.29704 0.323777 0 2
0.279803 0.322301 0 2
0.26205 0.317368 0 2
0.243813 0.308987 0 2
0.206016 0.282154 0 2
0.166689 0.24277 0 2
0.0846076 0.133407 0 2
0 0 0 2
-0.0846076 -0.133407 0 2
-0.166689 -0.24277 0 2
-0.206016 -0.282154 0 2
-0.225123 -0.297216 0 2
-0.243813 -0.308987 0 2
-0.26205 -0.317368 0 2
-0.279803 -0.322301 0 2
-0.29704 -0.323777 0 2
-0.31373 -0.321829 0 2
-0.329845 -0.316537 0 2
-0.345355 -0.308023 0 2
-0.374462 -0.282028 0 2
-0.400855 -0.245621 0 2
-0.424368 -0.201117 0 2
-0.462211 -0.0990351 0 2
-0.487196 0 0 2
-0.499004 0.0724987 0 2
-0.499906 0.0841964 0 2
-0.499999 0.0928711 0 2
-0.499292 0.0983641 0 2
-0.497798 0.100559 0 2
-0.495527 0.0993819 0 2
-0.492495 0.094806 0 2
-0.488718 0.0868477 0 2
-0.484213 0.0755692 0 2
-0.459333 0 0 2
-0.424643 -0.113097 0 2
-0.381974 -0.24277 0 2
-0.333424 -0.364476 0 2
-0.307654 -0.414935 0 2
-0.281283 -0.455135 0 2
-0.267965 -0.470779 0 2
-0.25461 -0.483202 0 2
-0.241255 -0.492268 0 2
-0.227937 -0.497883 0 2
-0.221304 -0.49938 0 2
-0.214694 -0.499999 0 2
-0.208112 -0.499742 0 2
-0.201562 -0.498612 0 2
-0.188579 -0.493764 0 2
-0.175779 -0.48554 0 2
-0.150871 -0.459524 0 2
-0.127113 -0.422085 0 2
-0.0840637 -0.321829 0 2
-0.0484973 -0.206459 0 2
-0.021945 -0.100559 0 2
-0.00554547 -0.0265364 0 2
-0.00139007 -0.0067237 0 2
0 0 0 2
-0.00139007 -0.0067237 0 2
-0.00554547 -0.0265364 0 2
-0.021945 -0.100559 0 2
-0.0484973 -0.206459 0 2
-0.0840637 -0.321829 0 2
-0.127113 -0.422085 0 2
-0.150871 -0.459524 0 2
-0.163198 -0.474069 0 2
-0.175779 -0.48554 0 2
-0.188579 -0.493764 0 2
-0.19505 -0.496616 0 2
-0.201562 -0.498612 0 2
-0.208112 -0.499742 0 2
-0.214694 -0.499999 0 2
-0.227937 -0.497883 0 2
-0.241255 -0.492268 0 2
-0.25461 -0.483202 0 2
-0.281283 -0.455135 0 2
-0.307654 -0.414935 0 2
-0.333424 -0.364476 0 2
-0.381974 -0.24277 0 2
-0.424643 -0.113097 0 2
-0.459333 0 0 2
-0.484213 0.0755692 0 2
-0.488718 0.0868477 0 2
-0.492495 0.094806 0 2
-0.495527 0.0993819 0 2
-0.497798 0.100559 0 2
-0.499292 0.0983641 0 2
-0.499999 0.0928711 0 2
-0.499906 0.0841964 0 2
-0.499004 0.0724987 0 2
-0.487196 0 0 2
-0.462211 -0.0990351 0 2
-0.424368 -0.201117 0 2
-0.400855 -0.245621 0 2
-0.374462 -0.282028 0 2
-0.360236 -0.296452 0 2
-0.345355 -0.308023 0 2
-0.329845 -0.316537 0 2
-0.31373 -0.321829 0 2
-0.29704 -0.323777 0 2
-0.279803 -0.322301 0 2
-0.26205 -0.317368 0 2
-0.243813 -0.308987 0 2
-0.206016 -0.282154 0 2
-0.166689 -0.24277 0 2
-0.0846076 -0.133407 0 2
0 0 0 2
0.0846076 0.133407 0 2
0.166689 0.24277 0 2
0.206016 0.282154 0 2
0.225123 0.297216 0 2
0.243813 0.308987 0 2
0.26205 0.317368 0 2
0.279803 0.322301 0 2
0.29704 0.323777 0 2
0.31373 0.321829 0 2
0.329845 0.316537 0 2
0.345355 0.308023 0 2
0.374462 0.282028 0 2
0.400855 0.24562 0 2
0.424368 0.201117 0 2
0.462211 0.099035 0 2
0.487196 0 0 2
0.499004 -0.0724987 0 2
0.499906 -0.0841964 0 2
0.499999 -0.0928711 0 2
0.499292 -0.0983641 0 2
0.497798 -0.100559 0 2
0.495527 -0.0993819 0 2
0.492495 -0.094806 0 2
0.488717 -0.0868478 0 2
0.484213 -0.0755692 0 2
0.459333 0 0 2
0.424643 0.113097 0 2
0.381974 0.24277 0 2
0.333424 0.364476 0 2
0.307654 0.414935 0 2
0.281283 0.455135 0 2
0.267965 0.470779 0 2
0.25461 0.483202 0 2
0.241255 0.492268 0 2
0.227937 0.497883 0 2
0.221304 0.49938 0 2
0.214694 0.499999 0 2
0.208112 0.499742 0 2
0.201562 0.498612 0 2
0.188579 0.493764 0 2
0.175779 0.48554 0 2
0.150871 0.459524 0 2
0.127113 0.422085 0 2
0.0840638 0.321829 0 2
0.0484973 0.206459 0 2
0.0219451 0.100559 0 2
0.0055455 0.0265363 0 2
0 0 0 2
