-1.5 -1.5 1.5 1.5
0.333333 0.313333
-2.98023e-08 -4.55379e-09
0.5 0.5
0.166666 0.156666
1
49
82 69 3
-2.98023e-08 0.333333 0 2
-0.0313247 0.331858 0 2
-0.0713246 0.325612 0 2
-0.111325 0.314193 0 2
-0.151324 0.297004 0 2
-0.191324 0.272957 0 2
-0.231324 0.24 0 2
-0.266666 0.2 0 2
-0.292422 0.16 0 2
-0.310984 0.12 0 2
-0.32359 0.0799998 0 2
-0.330924 0.0399999 0 2
-0.333333 -2.98023e-08 0 2
-0.331858 -0.0313247 0 2
-0.325612 -0.0713246 0 2
-0.314193 -0.111325 0 2
-0.297004 -0.151324 0 2
-0.272957 -0.191324 0 2
-0.24 -0.231324 0 2
-0.2 -0.266666 0 2
-0.16 -0.292422 0 2
-0.12 -0.310984 0 2
-0.0799999 -0.32359 0 2
-0.0399999 -0.330924 0 2
-2.98023e-08 -0.333333 0 2
0.0313246 -0.331858 0 2
0.0713245 -0.325612 0 2
0.111324 -0.314193 0 2
0.151324 -0.297004 0 2
0.191324 -0.272957 0 2
0.231324 -0.24 0 2
0.266666 -0.2 0 2
0.292422 -0.16 0 2
0.310984 -0.12 0 2
0.32359 -0.0799999 0 2
0.330924 -0.0399999 0 2
0.333333 -2.98023e-08 0 2
0.331858 0.0313246 0 2
0.325612 0.0713245 0 2
0.314193 0.111324 0 2
0.297004 0.151324 0 2
0.272957 0.191324 0 2
0.24 0.231324 0 2
0.2 0.266666 0 2
0.16 0.292422 0 2
0.12 0.310984 0 2
0.0799998 0.32359 0 2
0.0399999 0.330924 0 2
-2.98023e-08 0.333333 0 2
