-0.952971 -0.816929 0.952971 1
0.524675 0.517356
-2.98023e-08 -0.0473571
0.2 0.2
0.104935 0.103471
1
273
82 69 3
-2.98023e-08 -0.0503798 0 2
0.0854214 -0.0474464 0 2
0.16829 -0.0388092 0 2
0.246139 -0.0249496 0 2
0.316669 -0.00664711 0 2
0.377827 0.0150555 0 2
0.427869 0.038898 0 2
0.465423 0.0634581 0 2
0.4792 0.0755339 0 2
0.489529 0.0872149 0 2
0.496358 0.0983066 0 2
0.498452 0.103571 0 2
0.499665 0.108617 0 2
0.499999 0.113421 0 2
0.499457 0.11796 0 2
0.498044 0.122212 0 2
0.495767 0.126155 0 2
0.492635 0.129768 0 2
0.488658 0.13303 0 2
0.478219 0.138427 0 2
0.464566 0.142197 0 2
0.447838 0.144208 0 2
0.40584 0.142512 0 2
0.353791 0.132638 0 2
0.227191 0.0872149 0 2
0.156947 0.0519972 0 2
0.0851084 0.00927377 0 2
0.013954 -0.0398906 0 2
-0.0543319 -0.0941125 0 2
-0.117734 -0.151735 0 2
-0.17447 -0.210882 0 2
-0.223055 -0.269528 0 2
-0.262338 -0.325569 0 2
-0.291539 -0.376902 0 2
-0.310266 -0.421503 0 2
-0.315687 -0.440688 0 2
-0.318518 -0.457509 0 2
-0.318819 -0.471768 0 2
-0.318044 -0.477881 0 2
-0.31667 -0.483289 0 2
-0.314707 -0.487973 0 2
-0.312172 -0.491916 0 2
-0.30908 -0.495101 0 2
-0.305448 -0.497514 0 2
-0.301294 -0.499142 0 2
-0.296636 -0.499974 0 2
-0.291496 -0.499999 0 2
-0.285893 -0.49921 0 2
-0.273388 -0.495165 0 2
-0.259306 -0.487806 0 2
-0.227191 -0.463164 0 2
-0.153006 -0.375846 0 2
-0.114346 -0.315111 0 2
-0.0768369 -0.244968 0 2
-0.0419675 -0.167347 0 2
-0.0110303 -0.084466 0 2
0.0149285 0.00124377 0 2
0.0351465 0.0872149 0 2
0.0491704 0.170832 0 2
0.0568677 0.249519 0 2
0.0543319 0.382529 0 2
0.0453547 0.432674 0 2
0.0393394 0.452901 0 2
0.0324942 0.469675 0 2
0.024973 0.482862 0 2
0.0210092 0.488076 0 2
0.0169376 0.492357 0 2
0.0127793 0.495695 0 2
0.00855583 0.498085 0 2
0.00428885 0.49952 0 2
-2.98023e-08 0.499999 0 2
-0.00428888 0.49952 0 2
-0.00855589 0.498085 0 2
-0.0127794 0.495695 0 2
-0.0169376 0.492357 0 2
-0.0210092 0.488076 0 2
-0.0249731 0.482862 0 2
-0.0324943 0.469675 0 2
-0.0393395 0.452901 0 2
-0.0453548 0.432674 0 2
-0.0543319 0.382529 0 2
-0.0568677 0.249519 0 2
-0.0491705 0.170832 0 2
-0.0351466 0.0872149 0 2
-0.0149285 0.00124377 0 2
0.0110303 -0.084466 0 2
0.0419675 -0.167347 0 2
0.0768369 -0.244968 0 2
0.114346 -0.315111 0 2
0.153006 -0.375846 0 2
0.191189 -0.425592 0 2
0.227191 -0.463164 0 2
0.259306 -0.487806 0 2
0.273388 -0.495165 0 2
0.285893 -0.49921 0 2
0.291496 -0.499999 0 2
0.296636 -0.499974 0 2
0.301294 -0.499142 0 2
0.305448 -0.497514 0 2
0.30908 -0.495101 0 2
0.312172 -0.491916 0 2
0.314707 -0.487973 0 2
0.316669 -0.483289 0 2
0.318819 -0.471768 0 2
0.318518 -0.457509 0 2
0.310266 -0.421503 0 2
0.262338 -0.325569 0 2
0.223055 -0.269528 0 2
0.17447 -0.210882 0 2
0.117733 -0.151735 0 2
0.0543319 -0.0941125 0 2
-0.0139541 -0.0398906 0 2
-0.0851085 0.00927377 0 2
-0.156947 0.0519972 0 2
-0.227191 0.0872149 0 2
-0.353791 0.132638 0 2
-0.40584 0.142512 0 2
-0.447838 0.144208 0 2
-0.464566 0.142197 0 2
-0.478219 0.138427 0 2
-0.483848 0.135923 0 2
-0.488658 0.13303 0 2
-0.492635 0.129768 0 2
-0.495767 0.126155 0 2
-0.498044 0.122212 0 2
-0.499457 0.11796 0 2
-0.499999 0.113421 0 2
-0.499665 0.108617 0 2
-0.496358 0.0983066 0 2
-0.489529 0.0872149 0 2
-0.465423 0.0634581 0 2
-0.427869 0.038898 0 2
-0.31667 -0.00664711 0 2
-0.246139 -0.0249496 0 2
-0.16829 -0.0388092 0 2
-0.0854215 -0.0474464 0 2
-2.98023e-08 -0.0503798 0 2
0.0854214 -0.0474464 0 2
0.16829 -0.0388092 0 2
0.246139 -0.0249496 0 2
0.316669 -0.00664711 0 2
0.377827 0.0150555 0 2
0.427869 0.038898 0 2
0.465423 0.0634581 0 2
0.4792 0.0755339 0 2
0.489529 0.0872149 0 2
0.496358 0.0983066 0 2
0.498452 0.103571 0 2
0.499665 0.108617 0 2
0.499999 0.113421 0 2
0.499457 0.11796 0 2
0.498044 0.122212 0 2
0.495767 0.126155 0 2
0.492635 0.129768 0 2
0.488658 0.13303 0 2
0.478219 0.138427 0 2
0.464566 0.142197 0 2
0.447838 0.144208 0 2
0.40584 0.142512 0 2
0.353791 0.132638 0 2
0.227191 0.0872149 0 2
0.156947 0.0519972 0 2
0.0851084 0.00927377 0 2
0.013954 -0.0398906 0 2
-0.0543319 -0.0941125 0 2
-0.117734 -0.151735 0 2
-0.17447 -0.210882 0 2
-0.223055 -0.269528 0 2
-0.262338 -0.325569 0 2
-0.291539 -0.376902 0 2
-0.310266 -0.421503 0 2
-0.315687 -0.440688 0 2
-0.318518 -0.457509 0 2
-0.318819 -0.471768 0 2
-0.318044 -0.477881 0 2
-0.31667 -0.483289 0 2
-0.314707 -0.487973 0 2
-0.312172 -0.491916 0 2
-0.30908 -0.495101 0 2
-0.305448 -0.497514 0 2
-0.301294 -0.499142 0 2
-0.296636 -0.499974 0 2
-0.291496 -0.499999 0 2
-0.285893 -0.49921 0 2
-0.273388 -0.495165 0 2
-0.259306 -0.487806 0 2
-0.227191 -0.463164 0 2
-0.153006 -0.375846 0 2
-0.114346 -0.315111 0 2
-0.0768369 -0.244968 0 2
-0.0419675 -0.167347 0 2
-0.0110303 -0.084466 0 2
0.0149285 0.00124377 0 2
0.0351465 0.0872149 0 2
0.0491704 0.170832 0 2
0.0568677 0.249519 0 2
0.0543319 0.382529 0 2
0.0453547 0.432674 0 2
0.0393394 0.452901 0 2
0.0324942 0.469675 0 2
0.024973 0.482862 0 2
0.0210092 0.488076 0 2
0.0169376 0.492357 0 2
0.0127793 0.495695 0 2
0.00855583 0.498085 0 2
0.00428885 0.49952 0 2
-2.98023e-08 0.499999 0 2
-0.00428888 0.49952 0 2
-0.00855589 0.498085 0 2
-0.0127794 0.495695 0 2
-0.0169376 0.492357 0 2
-0.0210092 0.488076 0 2
-0.0249731 0.482862 0 2
-0.0324943 0.469675 0 2
-0.0393395 0.452901 0 2
-0.0453548 0.432674 0 2
-0.0543319 0.382529 0 2
-0.0568677 0.249519 0 2
-0.0491705 0.170832 0 2
-0.0351466 0.0872149 0 2
-0.0149285 0.00124377 0 2
0.0110303 -0.084466 0 2
0.0419675 -0.167347 0 2
0.0768369 -0.244968 0 2
0.114346 -0.315111 0 2
0.153006 -0.375846 0 2
0.191189 -0.425592 0 2
0.227191 -0.463164 0 2
0.259306 -0.487806 0 2
0.273388 -0.495165 0 2
0.285893 -0.49921 0 2
0.291496 -0.499999 0 2
0.296636 -0.499974 0 2
0.301294 -0.499142 0 2
0.305448 -0.497514 0 2
0.30908 -0.495101 0 2
0.312172 -0.491916 0 2
0.314707 -0.487973 0 2
0.316669 -0.483289 0 2
0.318819 -0.471768 0 2
0.318518 -0.457509 0 2
0.310266 -0.421503 0 2
0.262338 -0.325569 0 2
0.223055 -0.269528 0 2
0.17447 -0.210882 0 2
0.117733 -0.151735 0 2
0.0543319 -0.0941125 0 2
-0.0139541 -0.0398906 0 2
-0.0851085 0.00927377 0 2
-0.156947 0.0519972 0 2
-0.227191 0.0872149 0 2
-0.353791 0.132638 0 2
-0.40584 0.142512 0 2
-0.447838 0.144208 0 2
-0.464566 0.142197 0 2
-0.478219 0.138427 0 2
-0.483848 0.135923 0 2
-0.488658 0.13303 0 2
-0.492635 0.129768 0 2
-0.495767 0.126155 0 2
-0.498044 0.122212 0 2
-0.499457 0.11796 0 2
-0.499999 0.113421 0 2
-0.499665 0.108617 0 2
-0.496358 0.0983066 0 2
-0.489529 0.0872149 0 2
-0.465423 0.0634581 0 2
-0.427869 0.038898 0 2
-0.31667 -0.00664711 0 2
-0.246139 -0.0249496 0 2
-0.16829 -0.0388092 0 2
-0.0854215 -0.0474464 0 2
-2.98023e-08 -0.0503798 0 2
