-1 -1.90735e-06 1 1
0.499999 0.939996
0 -0.469998
0.2 0.1
0.0999998 0.0939996
1
49
82 106 3
-0.499999 0.499998 0 2
-0.479166 0.418401 0 2
-0.458332 0.340276 0 2
-0.437499 0.265624 0 2
-0.416666 0.194444 0 2
-0.395833 0.126736 0 2
-0.374999 0.0624998 0 2
-0.354166 0.0017361 0 2
-0.333333 -0.0555553 0 2
-0.312499 -0.109375 0 2
-0.291666 -0.159722 0 2
-0.270833 -0.206596 0 2
-0.25 -0.249999 0 2
-0.229166 -0.289929 0 2
-0.208333 -0.326388 0 2
-0.1875 -0.359374 0 2
-0.166666 -0.388887 0 2
-0.145833 -0.414929 0 2
-0.125 -0.437498 0 2
-0.104166 -0.456595 0 2
-0.0833332 -0.47222 0 2
-0.0624999 -0.484373 0 2
-0.0416666 -0.493054 0 2
-0.0208333 -0.498262 0 2
0 -0.499998 0 2
0.0208333 -0.498262 0 2
0.0416666 -0.493054 0 2
0.0624999 -0.484373 0 2
0.0833331 -0.47222 0 2
0.104167 -0.456595 0 2
0.125 -0.437498 0 2
0.145833 -0.414929 0 2
0.166666 -0.388887 0 2
0.1875 -0.359374 0 2
0.208333 -0.326388 0 2
0.229166 -0.289929 0 2
0.25 -0.249999 0 2
0.270833 -0.206596 0 2
0.291666 -0.159722 0 2
0.312499 -0.109375 0 2
0.333333 -0.0555553 0 2
0.354166 0.0017361 0 2
0.374999 0.0624998 0 2
0.395833 0.126736 0 2
0.416666 0.194444 0 2
0.437499 0.265624 0 2
0.458332 0.340276 0 2
0.479166 0.418401 0 2
0.499999 0.499998 0 2
