-0.995171 -0.983033 0.995171 1
0.502426 0.474021
0 -0.00402174
0.2 0.2
0.100485 0.0948042
1
629
82 69 3
0 -0.00427842 0 2
0.137942 -0.00201282 0 2
0.265173 0.00443441 0 2
0.371825 0.0140555 0 2
0.449648 0.0253016 0 2
0.475775 0.0309461 0 2
0.485396 0.0336628 0 2
0.492657 0.036266 0 2
0.497523 0.0387236 0 2
0.499974 0.0410042 0 2
0.499999 0.0430768 0 2
0.499102 0.0440257 0 2
0.497599 0.0449114 0 2
0.492788 0.0464795 0 2
0.485592 0.0477538 0 2
0.464203 0.0493206 0 2
0.395191 0.0479412 0 2
0.296055 0.0397991 0 2
0.174616 0.024657 0 2
0.0403956 0.00309885 0 2
-0.0961351 -0.0234714 0 2
-0.224387 -0.0529199 0 2
-0.334483 -0.0825562 0 2
-0.41803 -0.109375 0 2
-0.447795 -0.120774 0 2
-0.46877 -0.130348 0 2
-0.475839 -0.134345 0 2
-0.480585 -0.137764 0 2
-0.48299 -0.14057 0 2
-0.483049 -0.142729 0 2
-0.480766 -0.144212 0 2
-0.476158 -0.144992 0 2
-0.469252 -0.145048 0 2
-0.460089 -0.144359 0 2
-0.435201 -0.140694 0 2
-0.402021 -0.133926 0 2
-0.313692 -0.111155 0 2
-0.202258 -0.076914 0 2
-0.0765973 -0.0332139 0 2
0.0534023 0.0169024 0 2
0.177634 0.0695713 0 2
0.286569 0.120412 0 2
0.371993 0.16489 0 2
0.427638 0.198725 0 2
0.442985 0.210479 0 2
0.44741 0.214894 0 2
0.449648 0.21828 0 2
0.449696 0.220604 0 2
0.447563 0.221836 0 2
0.443269 0.221952 0 2
0.436844 0.220935 0 2
0.417768 0.215455 0 2
0.39078 0.205367 0 2
0.315576 0.171745 0 2
0.217557 0.121791 0 2
0.104711 0.0587143 0 2
-0.01396 -0.0129913 0 2
-0.129172 -0.0878706 0 2
-0.232091 -0.159928 0 2
-0.315022 -0.223112 0 2
-0.371993 -0.271827 0 2
-0.389457 -0.289257 0 2
-0.395298 -0.296023 0 2
-0.399185 -0.301425 0 2
-0.40111 -0.305419 0 2
-0.401077 -0.30797 0 2
-0.399097 -0.309049 0 2
-0.397383 -0.309031 0 2
-0.395191 -0.308637 0 2
-0.389392 -0.306718 0 2
-0.381738 -0.303287 0 2
-0.361074 -0.291903 0 2
-0.300222 -0.251572 0 2
-0.21803 -0.189945 0 2
-0.121422 -0.111155 0 2
-0.0182666 -0.0208953 0 2
0.0832695 0.0739993 0 2
0.175377 0.166077 0 2
0.251213 0.24786 0 2
0.305415 0.312461 0 2
0.323229 0.336471 0 2
0.334483 0.354161 0 2
0.337609 0.360491 0 2
0.339065 0.365083 0 2
0.338858 0.3679 0 2
0.338135 0.368635 0 2
0.33762 0.368832 0 2
0.337002 0.368916 0 2
0.333523 0.368113 0 2
0.32845 0.36548 0 2
0.313692 0.354737 0 2
0.267276 0.311904 0 2
0.202204 0.243016 0 2
0.124232 0.15283 0 2
0.0399225 0.0479412 0 2
-0.0439157 -0.0637101 0 2
-0.12078 -0.173447 0 2
-0.184985 -0.27254 0 2
-0.232091 -0.352906 0 2
-0.259209 -0.407781 0 2
-0.26269 -0.416896 0 2
-0.264839 -0.424047 0 2
-0.265663 -0.429187 0 2
-0.265173 -0.432283 0 2
-0.263389 -0.433307 0 2
-0.260336 -0.432244 0 2
-0.256047 -0.42909 0 2
-0.250558 -0.423849 0 2
-0.217557 -0.382487 0 2
-0.16973 -0.310818 0 2
-0.111647 -0.213924 0 2
-0.0484629 -0.0989752 0 2
0.0145337 0.0253016 0 2
0.0723689 0.149297 0 2
0.12078 0.26327 0 2
0.156531 0.358126 0 2
0.177634 0.426149 0 2
0.182437 0.448223 0 2
0.183408 0.456036 0 2
0.18344 0.461635 0 2
0.182552 0.464987 0 2
0.180766 0.466067 0 2
0.17811 0.464863 0 2
0.174616 0.461374 0 2
0.165255 0.447592 0 2
0.153011 0.424935 0 2
0.121422 0.354737 0 2
0.0832853 0.255886 0 2
0.042337 0.135802 0 2
0.00225729 0.00365525 0 2
-0.0336562 -0.130348 0 2
-0.0627615 -0.255759 0 2
-0.0832695 -0.362718 0 2
-0.0943491 -0.442732 0 2
-0.0963594 -0.470527 0 2
-0.0961351 -0.489363 0 2
-0.0952311 -0.49529 0 2
-0.0938297 -0.498843 0 2
-0.0919571 -0.499999 0 2
-0.090853 -0.499675 0 2
-0.0902606 -0.499288 0 2
-0.0896419 -0.49875 0 2
-0.0869149 -0.495099 0 2
-0.0838087 -0.489059 0 2
-0.0765973 -0.469931 0 2
-0.0592134 -0.404934 0 2
-0.0399224 -0.308637 0 2
-0.021103 -0.188394 0 2
-0.00482699 -0.0534683 0 2
0.00735021 0.0856938 0 2
0.0145337 0.21828 0 2
0.0165559 0.333966 0 2
0.0139599 0.423726 0 2
0.0112724 0.456598 0 2
0.00790459 0.480551 0 2
0.00603187 0.489028 0 2
0.0040707 0.495113 0 2
0.00205028 0.498776 0 2
0 0.499999 0 2
-0.00205025 0.498776 0 2
-0.00407073 0.495113 0 2
-0.00603184 0.489028 0 2
-0.00790459 0.480551 0 2
-0.0112724 0.456598 0 2
-0.01396 0.423726 0 2
-0.0165559 0.333966 0 2
-0.0145337 0.21828 0 2
-0.00735021 0.0856938 0 2
0.00482702 -0.0534683 0 2
0.021103 -0.188394 0 2
0.0399225 -0.308637 0 2
0.0592135 -0.404934 0 2
0.0765973 -0.469931 0 2
0.0838086 -0.489059 0 2
0.0869149 -0.495099 0 2
0.0896419 -0.49875 0 2
0.0919571 -0.499999 0 2
0.0938297 -0.498843 0 2
0.0952311 -0.49529 0 2
0.0961351 -0.489363 0 2
0.0963594 -0.470527 0 2
0.0943491 -0.442732 0 2
0.0832695 -0.362718 0 2
0.0627614 -0.255759 0 2
0.0336562 -0.130348 0 2
-0.00225729 0.00365525 0 2
-0.042337 0.135802 0 2
-0.0832853 0.255886 0 2
-0.121422 0.354737 0 2
-0.153011 0.424935 0 2
-0.165255 0.447592 0 2
-0.170318 0.45561 0 2
-0.174616 0.461374 0 2
-0.17811 0.464863 0 2
-0.180766 0.466067 0 2
-0.182552 0.464987 0 2
-0.183109 0.463594 0 2
-0.18344 0.461635 0 2
-0.183408 0.456036 0 2
-0.182437 0.448223 0 2
-0.177634 0.426149 0 2
-0.156531 0.358126 0 2
-0.12078 0.26327 0 2
-0.0723689 0.149297 0 2
-0.0145337 0.0253016 0 2
0.0484629 -0.0989752 0 2
0.111647 -0.213924 0 2
0.16973 -0.310818 0 2
0.217557 -0.382487 0 2
0.236161 -0.40718 0 2
0.250558 -0.423849 0 2
0.256047 -0.42909 0 2
0.260336 -0.432244 0 2
0.263389 -0.433307 0 2
0.264441 -0.433055 0 2
0.264847 -0.432734 0 2
0.265173 -0.432283 0 2
0.265663 -0.429187 0 2
0.264839 -0.424047 0 2
0.259209 -0.407781 0 2
0.232091 -0.352906 0 2
0.184985 -0.27254 0 2
0.12078 -0.173447 0 2
0.0439157 -0.0637101 0 2
-0.0399224 0.0479412 0 2
-0.124232 0.15283 0 2
-0.202204 0.243016 0 2
-0.267276 0.311904 0 2
-0.313692 0.354737 0 2
-0.321824 0.361019 0 2
-0.32845 0.36548 0 2
-0.333523 0.368113 0 2
-0.337002 0.368916 0 2
-0.338858 0.3679 0 2
-0.339065 0.365083 0 2
-0.337609 0.360491 0 2
-0.334483 0.354161 0 2
-0.305415 0.312461 0 2
-0.251213 0.24786 0 2
-0.175377 0.166077 0 2
-0.0832695 0.0739993 0 2
0.0182666 -0.0208953 0 2
0.121422 -0.111155 0 2
0.21803 -0.189945 0 2
0.300222 -0.251572 0 2
0.361074 -0.291903 0 2
0.381738 -0.303287 0 2
0.389392 -0.306718 0 2
0.395191 -0.308637 0 2
0.399097 -0.309049 0 2
0.401077 -0.30797 0 2
0.40111 -0.305419 0 2
0.399185 -0.301425 0 2
0.389457 -0.289257 0 2
0.371993 -0.271827 0 2
0.315022 -0.223112 0 2
0.232091 -0.159928 0 2
0.129172 -0.0878706 0 2
0.0139599 -0.0129913 0 2
-0.104711 0.0587143 0 2
-0.217557 0.121791 0 2
-0.315576 0.171745 0 2
-0.39078 0.205367 0 2
-0.417768 0.215455 0 2
-0.436844 0.220935 0 2
-0.443269 0.221952 0 2
-0.447563 0.221836 0 2
-0.449696 0.220604 0 2
-0.449945 0.219577 0 2
-0.449865 0.218962 0 2
-0.449648 0.21828 0 2
-0.44741 0.214894 0 2
-0.442985 0.210479 0 2
-0.427638 0.198725 0 2
-0.371993 0.16489 0 2
-0.286569 0.120412 0 2
-0.177634 0.0695713 0 2
-0.0534023 0.0169024 0 2
0.0765973 -0.0332139 0 2
0.202258 -0.076914 0 2
0.313692 -0.111155 0 2
0.402021 -0.133926 0 2
0.435201 -0.140694 0 2
0.460089 -0.144359 0 2
0.469252 -0.145048 0 2
0.476158 -0.144992 0 2
0.480766 -0.144212 0 2
0.483049 -0.142729 0 2
0.48299 -0.14057 0 2
0.480585 -0.137764 0 2
0.475839 -0.134345 0 2
0.46877 -0.130348 0 2
0.447795 -0.120774 0 2
0.41803 -0.109375 0 2
0.334483 -0.0825562 0 2
0.224387 -0.0529199 0 2
0.0961351 -0.0234714 0 2
-0.0403955 0.00309885 0 2
-0.174616 0.024657 0 2
-0.296055 0.0397991 0 2
-0.395191 0.0479412 0 2
-0.464203 0.0493206 0 2
-0.485592 0.0477538 0 2
-0.492788 0.0464795 0 2
-0.497599 0.0449114 0 2
-0.499999 0.0430768 0 2
-0.499974 0.0410042 0 2
-0.497524 0.0387236 0 2
-0.492657 0.036266 0 2
-0.475775 0.0309461 0 2
-0.449648 0.0253016 0 2
-0.371825 0.0140555 0 2
-0.265173 0.00443441 0 2
-0.137942 -0.00201282 0 2
0 -0.00427842 0 2
0.137942 -0.00201282 0 2
0.265173 0.00443441 0 2
0.371825 0.0140555 0 2
0.449648 0.0253016 0 2
0.475775 0.0309461 0 2
0.485396 0.0336628 0 2
0.492657 0.036266 0 2
0.497523 0.0387236 0 2
0.499974 0.0410042 0 2
0.499999 0.0430768 0 2
0.499102 0.0440257 0 2
0.497599 0.0449114 0 2
0.492788 0.0464795 0 2
0.485592 0.0477538 0 2
0.464203 0.0493206 0 2
0.395191 0.0479412 0 2
0.296055 0.0397991 0 2
0.174616 0.024657 0 2
0.0403956 0.00309885 0 2
-0.0961351 -0.0234714 0 2
-0.224387 -0.0529199 0 2
-0.334483 -0.0825562 0 2
-0.41803 -0.109375 0 2
-0.447795 -0.120774 0 2
-0.46877 -0.130348 0 2
-0.475839 -0.134345 0 2
-0.480585 -0.137764 0 2
-0.48299 -0.14057 0 2
-0.483049 -0.142729 0 2
-0.480766 -0.144212 0 2
-0.476158 -0.144992 0 2
-0.469252 -0.145048 0 2
-0.460089 -0.144359 0 2
-0.435201 -0.140694 0 2
-0.402021 -0.133926 0 2
-0.313692 -0.111155 0 2
-0.202258 -0.076914 0 2
-0.0765973 -0.0332139 0 2
0.0534023 0.0169024 0 2
0.177634 0.0695713 0 2
0.286569 0.120412 0 2
0.371993 0.16489 0 2
0.427638 0.198725 0 2
0.442985 0.210479 0 2
0.44741 0.214894 0 2
0.449648 0.21828 0 2
0.449696 0.220604 0 2
0.447563 0.221836 0 2
0.443269 0.221952 0 2
0.436844 0.220935 0 2
0.417768 0.215455 0 2
0.39078 0.205367 0 2
0.315576 0.171745 0 2
0.217557 0.121791 0 2
0.104711 0.0587143 0 2
-0.01396 -0.0129913 0 2
-0.129172 -0.0878706 0 2
-0.232091 -0.159928 0 2
-0.315022 -0.223112 0 2
-0.371993 -0.271827 0 2
-0.389457 -0.289257 0 2
-0.395298 -0.296023 0 2
-0.399185 -0.301425 0 2
-0.40111 -0.305419 0 2
-0.401077 -0.30797 0 2
-0.399097 -0.309049 0 2
-0.397383 -0.309031 0 2
-0.395191 -0.308637 0 2
-0.389392 -0.306718 0 2
-0.381738 -0.303287 0 2
-0.361074 -0.291903 0 2
-0.300222 -0.251572 0 2
-0.21803 -0.189945 0 2
-0.121422 -0.111155 0 2
-0.0182666 -0.0208953 0 2
0.0832695 0.0739993 0 2
0.175377 0.166077 0 2
0.251213 0.24786 0 2
0.305415 0.312461 0 2
0.323229 0.336471 0 2
0.334483 0.354161 0 2
0.337609 0.360491 0 2
0.339065 0.365083 0 2
0.338858 0.3679 0 2
0.338135 0.368635 0 2
0.33762 0.368832 0 2
0.337002 0.368916 0 2
0.333523 0.368113 0 2
0.32845 0.36548 0 2
0.313692 0.354737 0 2
0.267276 0.311904 0 2
0.202204 0.243016 0 2
0.124232 0.15283 0 2
0.0399225 0.0479412 0 2
-0.0439157 -0.0637101 0 2
-0.12078 -0.173447 0 2
-0.184985 -0.27254 0 2
-0.232091 -0.352906 0 2
-0.259209 -0.407781 0 2
-0.26269 -0.416896 0 2
-0.264839 -0.424047 0 2
-0.265663 -0.429187 0 2
-0.265173 -0.432283 0 2
-0.263389 -0.433307 0 2
-0.260336 -0.432244 0 2
-0.256047 -0.42909 0 2
-0.250558 -0.423849 0 2
-0.217557 -0.382487 0 2
-0.16973 -0.310818 0 2
-0.111647 -0.213924 0 2
-0.0484629 -0.0989752 0 2
0.0145337 0.0253016 0 2
0.0723689 0.149297 0 2
0.12078 0.26327 0 2
0.156531 0.358126 0 2
0.177634 0.426149 0 2
0.182437 0.448223 0 2
0.183408 0.456036 0 2
0.18344 0.461635 0 2
0.182552 0.464987 0 2
0.180766 0.466067 0 2
0.17811 0.464863 0 2
0.174616 0.461374 0 2
0.165255 0.447592 0 2
0.153011 0.424935 0 2
0.121422 0.354737 0 2
0.0832853 0.255886 0 2
0.042337 0.135802 0 2
0.00225729 0.00365525 0 2
-0.0336562 -0.130348 0 2
-0.0627615 -0.255759 0 2
-0.0832695 -0.362718 0 2
-0.0943491 -0.442732 0 2
-0.0963594 -0.470527 0 2
-0.0961351 -0.489363 0 2
-0.0952311 -0.49529 0 2
-0.0938297 -0.498843 0 2
-0.0919571 -0.499999 0 2
-0.090853 -0.499675 0 2
-0.0902606 -0.499288 0 2
-0.0896419 -0.49875 0 2
-0.0869149 -0.495099 0 2
-0.0838087 -0.489059 0 2
-0.0765973 -0.469931 0 2
-0.0592134 -0.404934 0 2
-0.0399224 -0.308637 0 2
-0.021103 -0.188394 0 2
-0.00482699 -0.0534683 0 2
0.00735021 0.0856938 0 2
0.0145337 0.21828 0 2
0.0165559 0.333966 0 2
0.0139599 0.423726 0 2
0.0112724 0.456598 0 2
0.00790459 0.480551 0 2
0.00603187 0.489028 0 2
0.0040707 0.495113 0 2
0.00205028 0.498776 0 2
0 0.499999 0 2
-0.00205025 0.498776 0 2
-0.00407073 0.495113 0 2
-0.00603184 0.489028 0 2
-0.00790459 0.480551 0 2
-0.0112724 0.456598 0 2
-0.01396 0.423726 0 2
-0.0165559 0.333966 0 2
-0.0145337 0.21828 0 2
-0.00735021 0.0856938 0 2
0.00482702 -0.0534683 0 2
0.021103 -0.188394 0 2
0.0399225 -0.308637 0 2
0.0592135 -0.404934 0 2
0.0765973 -0.469931 0 2
0.0838086 -0.489059 0 2
0.0869149 -0.495099 0 2
0.0896419 -0.49875 0 2
0.0919571 -0.499999 0 2
0.0938297 -0.498843 0 2
0.0952311 -0.49529 0 2
0.0961351 -0.489363 0 2
0.0963594 -0.470527 0 2
0.0943491 -0.442732 0 2
0.0832695 -0.362718 0 2
0.0627614 -0.255759 0 2
0.0336562 -0.130348 0 2
-0.00225729 0.00365525 0 2
-0.042337 0.135802 0 2
-0.0832853 0.255886 0 2
-0.121422 0.354737 0 2
-0.153011 0.424935 0 2
-0.165255 0.447592 0 2
-0.170318 0.45561 0 2
-0.174616 0.461374 0 2
-0.17811 0.464863 0 2
-0.180766 0.466067 0 2
-0.182552 0.464987 0 2
-0.183109 0.463594 0 2
-0.18344 0.461635 0 2
-0.183408 0.456036 0 2
-0.182437 0.448223 0 2
-0.177634 0.426149 0 2
-0.156531 0.358126 0 2
-0.12078 0.26327 0 2
-0.0723689 0.149297 0 2
-0.0145337 0.0253016 0 2
0.0484629 -0.0989752 0 2
0.111647 -0.213924 0 2
0.16973 -0.310818 0 2
0.217557 -0.382487 0 2
0.236161 -0.40718 0 2
0.250558 -0.423849 0 2
0.256047 -0.42909 0 2
0.260336 -0.432244 0 2
0.263389 -0.433307 0 2
0.264441 -0.433055 0 2
0.264847 -0.432734 0 2
0.265173 -0.432283 0 2
0.265663 -0.429187 0 2
0.264839 -0.424047 0 2
0.259209 -0.407781 0 2
0.232091 -0.352906 0 2
0.184985 -0.27254 0 2
0.12078 -0.173447 0 2
0.0439157 -0.0637101 0 2
-0.0399224 0.0479412 0 2
-0.124232 0.15283 0 2
-0.202204 0.243016 0 2
-0.267276 0.311904 0 2
-0.313692 0.354737 0 2
-0.321824 0.361019 0 2
-0.32845 0.36548 0 2
-0.333523 0.368113 0 2
-0.337002 0.368916 0 2
-0.338858 0.3679 0 2
-0.339065 0.365083 0 2
-0.337609 0.360491 0 2
-0.334483 0.354161 0 2
-0.305415 0.312461 0 2
-0.251213 0.24786 0 2
-0.175377 0.166077 0 2
-0.0832695 0.0739993 0 2
0.0182666 -0.0208953 0 2
0.121422 -0.111155 0 2
0.21803 -0.189945 0 2
0.300222 -0.251572 0 2
0.361074 -0.291903 0 2
0.381738 -0.303287 0 2
0.389392 -0.306718 0 2
0.395191 -0.308637 0 2
0.399097 -0.309049 0 2
0.401077 -0.30797 0 2
0.40111 -0.305419 0 2
0.399185 -0.301425 0 2
0.389457 -0.289257 0 2
0.371993 -0.271827 0 2
0.315022 -0.223112 0 2
0.232091 -0.159928 0 2
0.129172 -0.0878706 0 2
0.0139599 -0.0129913 0 2
-0.104711 0.0587143 0 2
-0.217557 0.121791 0 2
-0.315576 0.171745 0 2
-0.39078 0.205367 0 2
-0.417768 0.215455 0 2
-0.436844 0.220935 0 2
-0.443269 0.221952 0 2
-0.447563 0.221836 0 2
-0.449696 0.220604 0 2
-0.449945 0.219577 0 2
-0.449865 0.218962 0 2
-0.449648 0.21828 0 2
-0.44741 0.214894 0 2
-0.442985 0.210479 0 2
-0.427638 0.198725 0 2
-0.371993 0.16489 0 2
-0.286569 0.120412 0 2
-0.177634 0.0695713 0 2
-0.0534023 0.0169024 0 2
0.0765973 -0.0332139 0 2
0.202258 -0.076914 0 2
0.313692 -0.111155 0 2
0.402021 -0.133926 0 2
0.435201 -0.140694 0 2
0.460089 -0.144359 0 2
0.469252 -0.145048 0 2
0.476158 -0.144992 0 2
0.480766 -0.144212 0 2
0.483049 -0.142729 0 2
0.48299 -0.14057 0 2
0.480585 -0.137764 0 2
0.475839 -0.134345 0 2
0.46877 -0.130348 0 2
0.447795 -0.120774 0 2
0.41803 -0.109375 0 2
0.334483 -0.0825562 0 2
0.224387 -0.0529199 0 2
0.0961351 -0.0234714 0 2
-0.0403955 0.00309885 0 2
-0.174616 0.024657 0 2
-0.296055 0.0397991 0 2
-0.395191 0.0479412 0 2
-0.464203 0.0493206 0 2
-0.485592 0.0477538 0 2
-0.492788 0.0464795 0 2
-0.497599 0.0449114 0 2
-0.499999 0.0430768 0 2
-0.499974 0.0410042 0 2
-0.497524 0.0387236 0 2
-0.492657 0.036266 0 2
-0.475775 0.0309461 0 2
-0.449648 0.0253016 0 2
-0.371825 0.0140555 0 2
-0.265173 0.00443441 0 2
-0.137942 -0.00201282 0 2
0 -0.00427842 0 2
